0 77.9623
0.5 77.9586
1 77.9698
1.5 77.9809
2 77.9996
2.5 78.0107
3 78.0331
3.5 78.0517
4 78.0741
4.5 78.0927
5 78.1188
5.5 78.1411
6 78.156
6.5 78.1821
7 78.2045
7.5 78.2268
8 78.2455
8.5 78.2641
9 78.2902
9.5 78.3125
10 78.3311
10.5 78.3572
11 78.3721
11.5 78.3945
12 78.4206
12.5 78.4429
13 78.469
13.5 78.4839
14 78.5063
14.5 78.5286
15 78.5435
15.5 78.5696
16 78.5882
16.5 78.6106
17 78.6329
17.5 78.6516
18 78.6702
18.5 78.6925
19 78.7149
19.5 78.7261
20 78.7521
20.5 78.7708
21 78.7894
21.5 78.8155
22 78.8304
22.5 78.8527
23 78.8714
23.5 78.89
24 78.9086
24.5 78.931
25 78.9459
25.5 78.9682
26 78.9869
26.5 78.998
27 79.0241
27.5 79.0427
28 79.0688
28.5 79.08
29 79.1023
29.5 79.121
30 79.1322
30.5 79.1508
31 79.1694
31.5 79.1843
32 79.2067
32.5 79.2216
33 79.2402
33.5 79.2551
34 79.2775
34.5 79.2961
35 79.311
35.5 79.3333
36 79.352
36.5 79.3669
37 79.3855
37.5 79.4041
38 79.4153
38.5 79.4228
39 79.4488
39.5 79.46
40 79.4824
40.5 79.4973
41 79.5122
41.5 79.5308
42 79.5494
42.5 79.5569
43 79.5792
43.5 79.5904
44 79.6016
44.5 79.6239
45 79.6351
45.5 79.6575
46 79.6686
46.5 79.691
47 79.7059
47.5 79.7171
48 79.732
48.5 79.7506
49 79.7618
49.5 79.7767
50 79.7879
50.5 79.8065
51 79.8251
51.5 79.8437
52 79.8512
52.5 79.8698
53 79.881
53.5 79.8959
54 79.9108
54.5 79.9257
55 79.9406
55.5 79.9555
56 79.9667
56.5 79.9853
57 79.9928
57.5 80.0077
58 80.0226
58.5 80.0375
59 80.0598
59.5 80.0636
60 80.0822
60.5 80.0971
61 80.112
61.5 80.1194
62 80.1306
62.5 80.1418
63 80.1641
63.5 80.1753
64 80.1902
64.5 80.2014
65 80.22
65.5 80.2312
66 80.2387
66.5 80.2573
67 80.2685
67.5 80.2722
68 80.2945
68.5 80.3094
69 80.3169
69.5 80.3392
70 80.3467
70.5 80.3579
71 80.3653
71.5 80.3877
72 80.3914
72.5 80.41
73 80.4175
73.5 80.4287
74 80.451
74.5 80.4547
75 80.4696
75.5 80.4808
76 80.492
76.5 80.5032
77 80.5181
77.5 80.5293
78 80.5404
78.5 80.5591
79 80.5665
79.5 80.574
80 80.5889
80.5 80.6
81 80.6149
81.5 80.6261
82 80.6373
82.5 80.6447
83 80.6559
83.5 80.6671
84 80.6783
84.5 80.6932
85 80.7044
85.5 80.7118
86 80.723
86.5 80.7379
87 80.7528
87.5 80.7602
88 80.7677
88.5 80.7826
89 80.79
89.5 80.8049
90 80.8124
90.5 80.8273
91 80.8348
91.5 80.8497
92 80.8608
92.5 80.8646
93 80.8757
93.5 80.8906
94 80.8981
94.5 80.9055
95 80.9242
95.5 80.9316
96 80.9465
96.5 80.9502
97 80.9651
97.5 80.9726
98 80.9838
98.5 80.9912
99 80.9987
99.5 81.0099
100 81.0136
100.5 81.0359
101 81.0434
101.5 81.0508
102 81.0583
102.5 81.0732
103 81.0844
103.5 81.0955
104 81.0993
104.5 81.1104
105 81.1253
105.5 81.1291
106 81.1477
106.5 81.1514
107 81.1626
107.5 81.1663
108 81.1738
108.5 81.1887
109 81.1999
109.5 81.211
110 81.2222
110.5 81.2297
111 81.2371
111.5 81.2408
112 81.2483
112.5 81.2632
113 81.2744
113.5 81.2781
114 81.293
114.5 81.3005
115 81.3079
115.5 81.3154
116 81.3265
116.5 81.3377
117 81.3489
117.5 81.3526
118 81.3563
118.5 81.3638
119 81.3824
119.5 81.3899
120 81.3973
120.5 81.4048
121 81.4085
121.5 81.4197
122 81.4346
122.5 81.442
123 81.442
123.5 81.4532
124 81.4644
124.5 81.4756
125 81.483
125.5 81.483
126 81.5016
126.5 81.5054
127 81.5128
127.5 81.5203
128 81.5352
128.5 81.5314
129 81.5463
129.5 81.5538
130 81.5612
130.5 81.5724
131 81.5761
131.5 81.5873
132 81.5873
132.5 81.5985
133 81.6097
133.5 81.6134
134 81.6283
134.5 81.6358
135 81.6395
135.5 81.6469
136 81.6507
136.5 81.6581
137 81.6767
137.5 81.6805
138 81.6879
138.5 81.6954
139 81.7028
139.5 81.7065
140 81.714
140.5 81.7289
141 81.7326
141.5 81.7401
142 81.7475
142.5 81.755
143 81.7624
143.5 81.7699
144 81.7699
144.5 81.7885
145 81.7922
145.5 81.796
146 81.8071
146.5 81.8109
147 81.8183
147.5 81.822
148 81.8295
148.5 81.8407
149 81.8444
149.5 81.8518
150 81.863
150.5 81.8667
151 81.8742
151.5 81.8742
152 81.8816
152.5 81.8965
153 81.904
153.5 81.9077
154 81.9152
154.5 81.9226
155 81.9301
155.5 81.9375
156 81.9413
156.5 81.9487
157 81.9599
157.5 81.9636
158 81.9673
158.5 81.9785
159 81.9822
159.5 81.986
160 81.9934
160.5 81.9971
161 82.0083
161.5 82.0083
162 82.0195
162.5 82.0232
163 82.0344
163.5 82.0344
164 82.0418
164.5 82.0493
165 82.0567
165.5 82.0642
166 82.0717
166.5 82.0754
167 82.0791
167.5 82.0903
168 82.094
168.5 82.094
169 82.1089
169.5 82.1089
170 82.1164
170.5 82.1238
171 82.1238
171.5 82.135
172 82.1424
172.5 82.1424
173 82.1536
173.5 82.1573
174 82.1573
174.5 82.1685
175 82.1722
175.5 82.1871
176 82.1909
176.5 82.1983
177 82.202
177.5 82.202
178 82.2095
178.5 82.2207
179 82.2244
179.5 82.2244
180 82.2281
180.5 82.2356
181 82.2468
181.5 82.2393
182 82.2579
182.5 82.2579
183 82.2654
183.5 82.2728
184 82.2766
184.5 82.2803
185 82.284
185.5 82.2952
186 82.2989
186.5 82.3064
187 82.3138
187.5 82.3138
188 82.3213
188.5 82.325
189 82.3324
189.5 82.3324
190 82.3436
190.5 82.3399
191 82.3511
191.5 82.3473
192 82.3622
192.5 82.366
193 82.3697
193.5 82.3809
194 82.3809
194.5 82.3846
195 82.3921
195.5 82.3995
196 82.3995
196.5 82.4032
197 82.407
197.5 82.4144
198 82.4219
198.5 82.4219
199 82.4293
199.5 82.4368
200 82.4405
200.5 82.4442
201 82.4517
201.5 82.4517
202 82.4591
202.5 82.4628
203 82.4703
203.5 82.474
204 82.474
204.5 82.4815
205 82.4889
205.5 82.4926
206 82.5001
206.5 82.5075
207 82.5075
207.5 82.5038
208 82.5113
208.5 82.515
209 82.5187
209.5 82.5262
210 82.5374
210.5 82.5411
211 82.5448
211.5 82.5485
212 82.5523
212.5 82.5597
213 82.556
213.5 82.5634
214 82.5709
214.5 82.5709
215 82.5783
215.5 82.5746
216 82.5858
216.5 82.5858
217 82.597
217.5 82.6007
218 82.6007
218.5 82.6044
219 82.6119
219.5 82.6119
220 82.6193
220.5 82.6268
221 82.6305
221.5 82.6342
222 82.6305
222.5 82.6379
223 82.6454
223.5 82.6491
224 82.6566
224.5 82.6566
225 82.664
225.5 82.664
226 82.6677
226.5 82.6715
227 82.6789
227.5 82.6827
228 82.6827
228.5 82.6864
229 82.6901
229.5 82.6938
230 82.6976
230.5 82.7013
231 82.7125
231.5 82.7125
232 82.7162
232.5 82.7162
233 82.7236
233.5 82.7274
234 82.7348
234.5 82.7348
235 82.7348
235.5 82.7423
236 82.7423
236.5 82.7497
237 82.7497
237.5 82.7572
238 82.7609
238.5 82.7646
239 82.7758
239.5 82.7721
240 82.7758
240.5 82.7758
241 82.7832
241.5 82.787
242 82.7944
242.5 82.7944
243 82.7907
243.5 82.7981
244 82.7981
244.5 82.8093
245 82.8056
245.5 82.8168
246 82.8205
246.5 82.8168
247 82.8279
247.5 82.8279
248 82.8317
248.5 82.8391
249 82.8429
249.5 82.8429
250 82.8466
250.5 82.8503
251 82.854
251.5 82.8578
252 82.8578
252.5 82.8615
253 82.8652
253.5 82.8652
254 82.8652
254.5 82.8689
255 82.8764
255.5 82.8876
256 82.8876
256.5 82.8913
257 82.8876
257.5 82.8913
258 82.895
258.5 82.895
259 82.9025
259.5 82.9062
260 82.9099
260.5 82.9136
261 82.9174
261.5 82.9211
262 82.9248
262.5 82.9248
263 82.9285
263.5 82.9285
264 82.9323
264.5 82.936
265 82.936
265.5 82.9509
266 82.9472
266.5 82.9472
267 82.9546
267.5 82.9583
268 82.9583
268.5 82.9583
269 82.9658
269.5 82.9695
270 82.9658
270.5 82.9732
271 82.9732
271.5 82.977
272 82.9844
272.5 82.9807
273 82.9807
273.5 82.9956
274 82.9956
274.5 82.9919
275 82.9919
275.5 82.9956
276 83.0068
276.5 83.0031
277 83.0105
277.5 83.0142
278 83.0142
278.5 83.018
279 83.018
279.5 83.0217
280 83.0217
280.5 83.0291
281 83.0329
281.5 83.0329
282 83.0329
282.5 83.0366
283 83.044
283.5 83.044
284 83.0478
284.5 83.0515
285 83.0515
285.5 83.0627
286 83.0552
286.5 83.0627
287 83.0627
287.5 83.0664
288 83.0738
288.5 83.0738
289 83.0776
289.5 83.0776
290 83.0776
290.5 83.0813
291 83.0813
291.5 83.0887
292 83.0925
292.5 83.0925
293 83.0962
293.5 83.0999
294 83.1036
294.5 83.1036
295 83.1036
295.5 83.1036
296 83.1111
296.5 83.1111
297 83.1111
297.5 83.1223
298 83.1223
298.5 83.1223
299 83.1148
299.5 83.1297
300 83.126
300.5 83.1334
301 83.1297
301.5 83.1372
302 83.1297
302.5 83.1409
303 83.1409
303.5 83.1446
304 83.1521
304.5 83.1446
305 83.1484
305.5 83.1558
306 83.1558
306.5 83.1595
307 83.1633
307.5 83.1595
308 83.167
308.5 83.167
309 83.1707
309.5 83.1782
310 83.167
310.5 83.1782
311 83.1782
311.5 83.1819
312 83.1819
312.5 83.1856
313 83.1856
313.5 83.1893
314 83.1893
314.5 83.1893
315 83.2005
315.5 83.2005
316 83.2005
316.5 83.2005
317 83.2042
317.5 83.2042
318 83.208
318.5 83.208
319 83.208
319.5 83.2154
320 83.2117
320.5 83.2154
321 83.2191
321.5 83.2229
322 83.2229
322.5 83.2266
323 83.2266
323.5 83.2303
324 83.2266
324.5 83.2378
325 83.2378
325.5 83.2378
326 83.2415
326.5 83.2452
327 83.2452
327.5 83.2452
328 83.2489
328.5 83.2489
329 83.2489
329.5 83.2527
330 83.2527
330.5 83.2601
331 83.2676
331.5 83.2713
332 83.2676
332.5 83.2601
333 83.2638
333.5 83.2638
334 83.2713
334.5 83.2713
335 83.275
335.5 83.275
336 83.2787
336.5 83.2787
337 83.2825
337.5 83.2825
338 83.2862
338.5 83.2899
339 83.2974
339.5 83.2862
340 83.3011
340.5 83.2899
341 83.3048
341.5 83.2974
342 83.3011
342.5 83.3048
343 83.3048
343.5 83.3086
344 83.3086
344.5 83.3123
345 83.3086
345.5 83.316
346 83.3123
346.5 83.316
347 83.316
347.5 83.316
348 83.3235
348.5 83.3197
349 83.3197
349.5 83.3235
350 83.3272
350.5 83.3235
351 83.3272
351.5 83.3346
352 83.3309
352.5 83.3346
353 83.3384
353.5 83.3346
354 83.3346
354.5 83.3384
355 83.3421
355.5 83.3458
356 83.3458
356.5 83.3533
357 83.3458
357.5 83.3533
358 83.3458
358.5 83.3533
359 83.3607
359.5 83.3607
360 83.3607
360.5 83.3607
361 83.3607
361.5 83.3644
362 83.3682
362.5 83.3644
363 83.3644
363.5 83.3682
364 83.3644
364.5 83.3682
365 83.3793
365.5 83.3756
366 83.3793
366.5 83.3793
367 83.3831
367.5 83.3831
368 83.3831
368.5 83.3831
369 83.3793
369.5 83.3905
370 83.3831
370.5 83.3905
371 83.3905
371.5 83.3942
372 83.398
372.5 83.3942
373 83.398
373.5 83.398
374 83.398
374.5 83.3942
375 83.4017
375.5 83.4017
376 83.4017
376.5 83.4054
377 83.4017
377.5 83.4054
378 83.4203
378.5 83.4166
379 83.4166
379.5 83.4203
380 83.4203
380.5 83.4203
381 83.424
381.5 83.424
382 83.4278
382.5 83.4203
383 83.424
383.5 83.424
384 83.424
384.5 83.4278
385 83.4278
385.5 83.4278
386 83.4389
386.5 83.4315
387 83.4352
387.5 83.4352
388 83.4427
388.5 83.4389
389 83.4389
389.5 83.4427
390 83.4389
390.5 83.4427
391 83.4464
391.5 83.4501
392 83.4464
392.5 83.4501
393 83.4464
393.5 83.4501
394 83.4538
394.5 83.4501
395 83.4501
395.5 83.4538
396 83.4576
396.5 83.4576
397 83.4576
397.5 83.4576
398 83.4688
398.5 83.4613
399 83.4688
399.5 83.4688
400 83.4725
400.5 83.4725
401 83.4688
401.5 83.4613
402 83.4725
402.5 83.4725
403 83.4762
403.5 83.4762
404 83.4762
404.5 83.4799
405 83.4799
405.5 83.4799
406 83.4874
406.5 83.4799
407 83.4874
407.5 83.4874
408 83.4837
408.5 83.4874
409 83.4874
409.5 83.4911
410 83.4948
410.5 83.4911
411 83.4874
411.5 83.4911
412 83.4948
412.5 83.4986
413 83.4986
413.5 83.4986
414 83.4986
414.5 83.4986
415 83.4986
415.5 83.5023
416 83.4986
416.5 83.5023
417 83.5023
417.5 83.506
418 83.506
418.5 83.506
419 83.5023
419.5 83.5097
420 83.506
420.5 83.5097
421 83.5135
421.5 83.5135
422 83.5135
422.5 83.5135
423 83.5135
423.5 83.5135
424 83.5135
424.5 83.5172
425 83.5209
425.5 83.5172
426 83.5209
426.5 83.5209
427 83.5321
427.5 83.5209
428 83.5284
428.5 83.5321
429 83.5284
429.5 83.5321
430 83.5284
430.5 83.5321
431 83.5284
431.5 83.5358
432 83.5358
432.5 83.5321
433 83.5395
433.5 83.5358
434 83.5395
434.5 83.5395
435 83.5395
435.5 83.5433
436 83.5433
436.5 83.547
437 83.5433
437.5 83.547
438 83.5433
438.5 83.5507
439 83.547
439.5 83.547
440 83.547
440.5 83.5507
441 83.547
441.5 83.5544
442 83.5544
442.5 83.5544
443 83.5582
443.5 83.5544
444 83.5582
444.5 83.5544
445 83.5582
445.5 83.5582
446 83.5619
446.5 83.5619
447 83.5656
447.5 83.5619
448 83.5656
448.5 83.5656
449 83.5619
449.5 83.5656
450 83.5656
450.5 83.5656
451 83.5693
451.5 83.5693
452 83.5693
452.5 83.5731
453 83.5731
453.5 83.5768
454 83.5768
454.5 83.5768
455 83.5731
455.5 83.5731
456 83.5731
456.5 83.5768
457 83.5805
457.5 83.588
458 83.5805
458.5 83.5805
459 83.5917
459.5 83.5805
460 83.5805
460.5 83.588
461 83.588
461.5 83.5768
462 83.5917
462.5 83.588
463 83.5917
463.5 83.5917
464 83.5917
464.5 83.588
465 83.5917
465.5 83.5991
466 83.5991
466.5 83.5954
467 83.5917
467.5 83.5954
468 83.5954
468.5 83.5954
469 83.5954
469.5 83.6029
470 83.6029
470.5 83.6029
471 83.6029
471.5 83.5991
472 83.5991
472.5 83.6029
473 83.5991
473.5 83.6029
474 83.6066
474.5 83.6066
475 83.6029
475.5 83.6029
476 83.6103
476.5 83.6103
477 83.6066
477.5 83.6103
478 83.6141
478.5 83.6141
479 83.6141
479.5 83.6141
480 83.6103
480.5 83.6103
481 83.6103
481.5 83.6178
482 83.6178
482.5 83.6103
483 83.6141
483.5 83.6215
484 83.6141
484.5 83.6178
485 83.6215
485.5 83.6141
486 83.6178
486.5 83.6141
487 83.6252
487.5 83.6215
488 83.6215
488.5 83.6215
489 83.6252
489.5 83.6178
490 83.6252
490.5 83.629
491 83.629
491.5 83.6215
492 83.629
492.5 83.6327
493 83.629
493.5 83.629
494 83.6252
494.5 83.6252
495 83.629
495.5 83.6327
496 83.6327
496.5 83.629
497 83.6327
497.5 83.6327
498 83.6364
498.5 83.6364
499 83.6327
499.5 83.6439
500 83.6439
500.5 83.6439
501 83.6476
501.5 83.6439
502 83.6439
502.5 83.6364
503 83.6439
503.5 83.6439
504 83.6364
504.5 83.6476
505 83.6439
505.5 83.6439
506 83.6476
506.5 83.6439
507 83.6476
507.5 83.6439
508 83.6476
508.5 83.6476
509 83.6513
509.5 83.6513
510 83.6476
510.5 83.655
511 83.6513
511.5 83.6476
512 83.655
512.5 83.655
513 83.6588
513.5 83.6588
514 83.655
514.5 83.6513
515 83.655
515.5 83.6588
516 83.6588
516.5 83.6588
517 83.6588
517.5 83.6588
518 83.6588
518.5 83.655
519 83.6625
519.5 83.6588
520 83.6588
520.5 83.6588
521 83.6662
521.5 83.6625
522 83.6662
522.5 83.6662
523 83.6662
523.5 83.6662
524 83.6662
524.5 83.6662
525 83.6662
525.5 83.6625
526 83.6625
526.5 83.6625
527 83.6662
527.5 83.6662
528 83.6662
528.5 83.6699
529 83.6662
529.5 83.6699
530 83.6699
530.5 83.6699
531 83.6699
531.5 83.6699
532 83.6737
532.5 83.6699
533 83.6699
533.5 83.6774
534 83.6699
534.5 83.6774
535 83.6774
535.5 83.6774
536 83.6737
536.5 83.6774
537 83.6774
537.5 83.6774
538 83.6774
538.5 83.6774
539 83.6774
539.5 83.6848
540 83.6886
540.5 83.6774
541 83.6774
541.5 83.6848
542 83.6811
542.5 83.6811
543 83.6848
543.5 83.6848
544 83.6848
544.5 83.6811
545 83.6811
545.5 83.6811
546 83.6886
546.5 83.6848
547 83.6848
547.5 83.6886
548 83.6848
548.5 83.6848
549 83.6886
549.5 83.6886
550 83.6848
550.5 83.6848
551 83.6848
551.5 83.6848
552 83.696
552.5 83.6886
553 83.6923
553.5 83.6923
554 83.6923
554.5 83.6923
555 83.6923
555.5 83.6923
556 83.6886
556.5 83.696
557 83.6923
557.5 83.696
558 83.6886
558.5 83.6886
559 83.6923
559.5 83.6923
560 83.6923
560.5 83.6923
561 83.696
561.5 83.696
562 83.696
562.5 83.696
563 83.6923
563.5 83.696
564 83.696
564.5 83.6923
565 83.696
565.5 83.7035
566 83.7035
566.5 83.7035
567 83.7072
567.5 83.7072
568 83.7035
568.5 83.7072
569 83.7035
569.5 83.7072
570 83.7072
570.5 83.7072
571 83.7035
571.5 83.7072
572 83.7072
572.5 83.7035
573 83.7109
573.5 83.7146
574 83.7072
574.5 83.7072
575 83.7072
575.5 83.7072
576 83.7109
576.5 83.7109
577 83.7146
577.5 83.7109
578 83.7109
578.5 83.7072
579 83.7072
579.5 83.7184
580 83.7146
580.5 83.7109
581 83.7109
581.5 83.7146
582 83.7146
582.5 83.7184
583 83.7109
583.5 83.7109
584 83.7146
584.5 83.7146
585 83.7146
585.5 83.7221
586 83.7184
586.5 83.7184
587 83.7221
587.5 83.7184
588 83.7221
588.5 83.7221
589 83.7184
589.5 83.7184
590 83.7184
590.5 83.7221
591 83.7221
591.5 83.7221
592 83.7221
592.5 83.7184
593 83.7184
593.5 83.7221
594 83.7258
594.5 83.7258
595 83.7295
595.5 83.7221
596 83.7258
596.5 83.7221
597 83.7258
597.5 83.7295
598 83.7295
598.5 83.7258
599 83.7295
599.5 83.7295
600 83.7333
600.5 83.7295
601 83.7258
601.5 83.7333
602 83.7333
602.5 83.7258
603 83.7295
603.5 83.7295
604 83.7295
604.5 83.7295
605 83.7333
605.5 83.7295
606 83.7333
606.5 83.7333
607 83.737
607.5 83.7333
608 83.7333
608.5 83.7333
609 83.737
609.5 83.7295
610 83.737
610.5 83.737
611 83.7333
611.5 83.7333
612 83.7333
612.5 83.7333
613 83.737
613.5 83.7333
614 83.737
614.5 83.7295
615 83.737
615.5 83.7407
616 83.7295
616.5 83.7407
617 83.7407
617.5 83.7407
618 83.7444
618.5 83.7444
619 83.7407
619.5 83.7482
620 83.737
620.5 83.7407
621 83.7444
621.5 83.7407
622 83.7444
622.5 83.7407
623 83.7444
623.5 83.7444
624 83.7407
624.5 83.7407
625 83.7444
625.5 83.737
626 83.7407
626.5 83.7444
627 83.7407
627.5 83.7407
628 83.7444
628.5 83.7482
629 83.7482
629.5 83.7482
630 83.7482
630.5 83.7482
631 83.7444
631.5 83.7482
632 83.7519
632.5 83.7407
633 83.7482
633.5 83.7482
634 83.7519
634.5 83.7519
635 83.7519
635.5 83.7482
636 83.7482
636.5 83.7482
637 83.7519
637.5 83.7482
638 83.7519
638.5 83.7519
639 83.7519
639.5 83.7556
640 83.7519
640.5 83.7519
641 83.7519
641.5 83.7519
642 83.7519
642.5 83.7482
643 83.7482
643.5 83.7519
644 83.7519
644.5 83.7519
645 83.7556
645.5 83.7519
646 83.7519
646.5 83.7519
647 83.7519
647.5 83.7556
648 83.7519
648.5 83.7556
649 83.7668
649.5 83.7556
650 83.7519
650.5 83.7556
651 83.7519
651.5 83.7519
652 83.7556
652.5 83.7519
653 83.7556
653.5 83.7556
654 83.7631
654.5 83.7556
655 83.7556
655.5 83.7631
656 83.7631
656.5 83.7631
657 83.7631
657.5 83.7631
658 83.7631
658.5 83.7668
659 83.7631
659.5 83.7631
660 83.7668
660.5 83.7631
661 83.7556
661.5 83.7631
662 83.7556
662.5 83.7556
663 83.7668
663.5 83.7631
664 83.7668
664.5 83.7631
665 83.7668
665.5 83.7668
666 83.7668
666.5 83.7668
667 83.7668
667.5 83.7743
668 83.7668
668.5 83.7668
669 83.7668
669.5 83.7705
670 83.7705
670.5 83.7668
671 83.7668
671.5 83.7668
672 83.7631
672.5 83.7631
673 83.7705
673.5 83.7668
674 83.7705
674.5 83.7668
675 83.7705
675.5 83.7705
676 83.7705
676.5 83.7705
677 83.7668
677.5 83.7668
678 83.7743
678.5 83.7668
679 83.7705
679.5 83.7705
680 83.7705
680.5 83.7705
681 83.7743
681.5 83.7743
682 83.7705
682.5 83.7705
683 83.7705
683.5 83.7668
684 83.7743
684.5 83.7705
685 83.7743
685.5 83.7705
686 83.7668
686.5 83.7743
687 83.7743
687.5 83.7705
688 83.7705
688.5 83.7743
689 83.778
689.5 83.7743
690 83.7705
690.5 83.778
691 83.7743
691.5 83.7743
692 83.7743
692.5 83.7743
693 83.7743
693.5 83.7705
694 83.7743
694.5 83.778
695 83.7705
695.5 83.7743
696 83.7743
696.5 83.7743
697 83.7743
697.5 83.778
698 83.778
698.5 83.7743
699 83.778
699.5 83.7743
700 83.778
700.5 83.7817
701 83.7743
701.5 83.7743
702 83.778
702.5 83.7817
703 83.7817
703.5 83.7817
704 83.778
704.5 83.778
705 83.7817
705.5 83.7743
706 83.7743
706.5 83.7743
707 83.7817
707.5 83.7743
708 83.7743
708.5 83.7817
709 83.778
709.5 83.7817
710 83.7817
710.5 83.7817
711 83.7817
711.5 83.778
712 83.7817
712.5 83.7817
713 83.778
713.5 83.778
714 83.7817
714.5 83.7817
715 83.7817
715.5 83.7854
716 83.7817
716.5 83.7817
717 83.778
717.5 83.7854
718 83.778
718.5 83.7817
719 83.7817
719.5 83.7817
720 83.778
720.5 83.778
721 83.778
721.5 83.778
722 83.7854
722.5 83.7817
723 83.7854
723.5 83.7854
724 83.7817
724.5 83.7817
725 83.7854
725.5 83.7817
726 83.7817
726.5 83.7817
727 83.7854
727.5 83.7817
728 83.7817
728.5 83.7854
729 83.7817
729.5 83.7817
730 83.7854
730.5 83.7817
731 83.7817
731.5 83.7854
732 83.7854
732.5 83.7854
733 83.7854
733.5 83.778
734 83.7854
734.5 83.7817
735 83.7854
735.5 83.7854
736 83.7892
736.5 83.7892
737 83.7817
737.5 83.7817
738 83.7854
738.5 83.7854
739 83.7854
739.5 83.7854
740 83.7817
740.5 83.7854
741 83.7817
741.5 83.7854
742 83.7854
742.5 83.7892
743 83.7854
743.5 83.7892
744 83.7892
744.5 83.7854
745 83.7892
745.5 83.7892
746 83.7892
746.5 83.7892
747 83.7892
747.5 83.7892
748 83.7929
748.5 83.7892
749 83.7854
749.5 83.7854
750 83.7929
750.5 83.7892
751 83.7892
751.5 83.7892
752 83.7892
752.5 83.7892
753 83.7892
753.5 83.7892
754 83.7854
754.5 83.7817
755 83.7854
755.5 83.7892
756 83.7892
756.5 83.7892
757 83.7929
757.5 83.7929
758 83.7892
758.5 83.7892
759 83.7892
759.5 83.7892
760 83.7929
760.5 83.7854
761 83.7929
761.5 83.7892
762 83.7892
762.5 83.7929
763 83.7929
763.5 83.7892
764 83.7892
764.5 83.7892
765 83.7929
765.5 83.7929
766 83.7929
766.5 83.7892
767 83.7892
767.5 83.7892
768 83.7892
768.5 83.7892
769 83.7929
769.5 83.7892
770 83.7892
770.5 83.7929
771 83.7929
771.5 83.7929
772 83.7892
772.5 83.7892
773 83.7929
773.5 83.7892
774 83.7892
774.5 83.7892
775 83.7892
775.5 83.7892
776 83.7966
776.5 83.7929
777 83.7892
777.5 83.7929
778 83.7966
778.5 83.7966
779 83.7929
779.5 83.7929
780 83.7929
780.5 83.7966
781 83.7929
781.5 83.7929
782 83.7929
782.5 83.7929
783 83.7966
783.5 83.7892
784 83.7929
784.5 83.7929
785 83.7966
785.5 83.7929
786 83.7929
786.5 83.7929
787 83.7892
787.5 83.7966
788 83.7929
788.5 83.7966
789 83.7966
789.5 83.7892
790 83.7966
790.5 83.7966
791 83.7966
791.5 83.7966
792 83.7929
792.5 83.7929
793 83.7929
793.5 83.7966
794 83.7966
794.5 83.7929
795 83.7966
795.5 83.8003
796 83.7929
796.5 83.7892
797 83.7929
797.5 83.7966
798 83.7966
798.5 83.7966
799 83.7966
799.5 83.7929
800 83.7966
800.5 83.8003
801 83.7966
801.5 83.7966
802 83.7929
802.5 83.7966
803 83.7966
803.5 83.7966
804 83.8003
804.5 83.7966
805 83.7966
805.5 83.7966
806 83.7966
806.5 83.7966
807 83.7966
807.5 83.7966
808 83.7966
808.5 83.7966
809 83.7966
809.5 83.7966
810 83.7966
810.5 83.7966
811 83.8003
811.5 83.8041
812 83.8003
812.5 83.7966
813 83.7966
813.5 83.7966
814 83.7966
814.5 83.7966
815 83.8003
815.5 83.8003
816 83.7966
816.5 83.7929
817 83.7966
817.5 83.8003
818 83.7966
818.5 83.7966
819 83.7966
819.5 83.8003
820 83.8003
820.5 83.7966
821 83.8003
821.5 83.8041
822 83.7929
822.5 83.7966
823 83.7966
823.5 83.7929
824 83.8003
824.5 83.8041
825 83.7966
825.5 83.7966
826 83.8003
826.5 83.7966
827 83.8003
827.5 83.8003
828 83.8003
828.5 83.8003
829 83.8003
829.5 83.8003
830 83.8003
830.5 83.7966
831 83.7929
831.5 83.8003
832 83.8041
832.5 83.8003
833 83.8003
833.5 83.8003
834 83.8041
834.5 83.7966
835 83.8003
835.5 83.7966
836 83.8003
836.5 83.8003
837 83.8078
837.5 83.8041
838 83.8003
838.5 83.8003
839 83.8003
839.5 83.8078
840 83.8003
840.5 83.7966
841 83.8003
841.5 83.8003
842 83.7966
842.5 83.8041
843 83.8041
843.5 83.8003
844 83.7966
844.5 83.8003
845 83.8003
845.5 83.8041
846 83.7966
846.5 83.8041
847 83.8003
847.5 83.8003
848 83.7966
848.5 83.8041
849 83.7966
849.5 83.7966
850 83.8003
850.5 83.8003
851 83.8003
851.5 83.8003
852 83.8003
852.5 83.8041
853 83.8003
853.5 83.8003
854 83.8003
854.5 83.8041
855 83.7966
855.5 83.8041
856 83.8003
856.5 83.8078
857 83.8003
857.5 83.8003
858 83.8041
858.5 83.8003
859 83.8041
859.5 83.8041
860 83.8078
860.5 83.8003
861 83.8041
861.5 83.8041
862 83.8041
862.5 83.8041
863 83.8003
863.5 83.8041
864 83.8041
864.5 83.8003
865 83.8003
865.5 83.8041
866 83.8003
866.5 83.8041
867 83.8041
867.5 83.8003
868 83.8041
868.5 83.8041
869 83.8041
869.5 83.8041
870 83.8003
870.5 83.8041
871 83.8041
871.5 83.8041
872 83.8041
872.5 83.8078
873 83.8078
873.5 83.7966
874 83.7966
874.5 83.8003
875 83.7966
875.5 83.8041
876 83.8003
876.5 83.8041
877 83.8041
877.5 83.8078
878 83.8041
878.5 83.8003
879 83.8078
879.5 83.8041
880 83.8003
880.5 83.8041
881 83.8003
881.5 83.8003
882 83.8041
882.5 83.8041
883 83.8041
883.5 83.8003
884 83.8078
884.5 83.8041
885 83.8078
885.5 83.8041
886 83.8041
886.5 83.8041
887 83.8003
887.5 83.8078
888 83.8003
888.5 83.8041
889 83.8041
889.5 83.8003
890 83.8115
890.5 83.8041
891 83.8003
891.5 83.8003
892 83.8003
892.5 83.8078
893 83.8003
893.5 83.8041
894 83.8003
894.5 83.8003
895 83.8003
895.5 83.8041
896 83.8041
896.5 83.8003
897 83.8078
897.5 83.8078
898 83.8003
898.5 83.8003
899 83.8041
899.5 83.8041
900 83.8003
900.5 83.8003
901 83.8003
901.5 83.7966
902 83.8041
902.5 83.8078
903 83.8041
903.5 83.8041
904 83.8041
904.5 83.8078
905 83.8041
905.5 83.8041
906 83.8041
906.5 83.8041
907 83.8041
907.5 83.8041
908 83.7966
908.5 83.8003
909 83.8041
909.5 83.8078
910 83.8003
910.5 83.8078
911 83.8115
911.5 83.8115
912 83.8041
912.5 83.8041
913 83.8115
913.5 83.8115
914 83.8041
914.5 83.8041
915 83.8041
915.5 83.8041
916 83.8078
916.5 83.8041
917 83.8041
917.5 83.8041
918 83.8078
918.5 83.8041
919 83.8078
919.5 83.8003
920 83.8041
920.5 83.8078
921 83.8078
921.5 83.8078
922 83.8041
922.5 83.8078
923 83.8115
923.5 83.8078
924 83.8041
924.5 83.8041
925 83.8078
925.5 83.8041
926 83.8003
926.5 83.8041
927 83.8003
927.5 83.8003
928 83.8041
928.5 83.8041
929 83.8003
929.5 83.8078
930 83.8078
930.5 83.8078
931 83.8041
931.5 83.8041
932 83.8078
932.5 83.8041
933 83.8078
933.5 83.8078
934 83.8041
934.5 83.8041
935 83.8078
935.5 83.8041
936 83.8078
936.5 83.8078
937 83.8041
937.5 83.8041
938 83.8078
938.5 83.8115
939 83.8078
939.5 83.8115
940 83.8078
940.5 83.8041
941 83.8078
941.5 83.8041
942 83.8003
942.5 83.8041
943 83.8003
943.5 83.8041
944 83.8041
944.5 83.8078
945 83.8078
945.5 83.8078
946 83.8078
946.5 83.8041
947 83.8041
947.5 83.8041
948 83.8078
948.5 83.8003
949 83.8003
949.5 83.8041
950 83.8078
950.5 83.8041
951 83.8041
951.5 83.8078
952 83.8115
952.5 83.8078
953 83.8078
953.5 83.8041
954 83.8041
954.5 83.8078
955 83.8041
955.5 83.8041
956 83.8041
956.5 83.8078
957 83.8078
957.5 83.8041
958 83.8078
958.5 83.8115
959 83.8078
959.5 83.8078
960 83.8078
960.5 83.8078
961 83.8041
961.5 83.8078
962 83.8041
962.5 83.8115
963 83.8078
963.5 83.8115
964 83.8041
964.5 83.8041
965 83.8115
965.5 83.8115
966 83.8078
966.5 83.8041
967 83.8078
967.5 83.8078
968 83.8078
968.5 83.8078
969 83.8041
969.5 83.8041
970 83.8041
970.5 83.8003
971 83.8078
971.5 83.8115
972 83.8078
972.5 83.8003
973 83.8078
973.5 83.8041
974 83.8041
974.5 83.8115
975 83.8078
975.5 83.8078
976 83.8115
976.5 83.8078
977 83.8078
977.5 83.8041
978 83.8078
978.5 83.8041
979 83.8078
979.5 83.8041
980 83.8115
980.5 83.8078
981 83.8078
981.5 83.8041
982 83.8078
982.5 83.8078
983 83.8078
983.5 83.8115
984 83.8078
984.5 83.8041
985 83.8041
985.5 83.8078
986 83.8041
986.5 83.8078
987 83.8078
987.5 83.8041
988 83.8078
988.5 83.8078
989 83.8078
989.5 83.8078
990 83.8078
990.5 83.8041
991 83.8041
991.5 83.8003
992 83.8041
992.5 83.8078
993 83.8115
993.5 83.8078
994 83.8041
994.5 83.8078
995 83.8078
995.5 83.8078
996 83.8078
996.5 83.8078
997 83.8078
997.5 83.8078
998 83.8041
998.5 83.8078
999 83.8078
999.5 83.8078
1000 83.8078
1000.5 83.8078
1001 83.8078
1001.5 83.8078
1002 83.8115
1002.5 83.8041
1003 83.8078
1003.5 83.8078
1004 83.8041
1004.5 83.8078
1005 83.8078
1005.5 83.8003
1006 83.8078
1006.5 83.8078
1007 83.8078
1007.5 83.8078
1008 83.8078
1008.5 83.8041
1009 83.8078
1009.5 83.8115
1010 83.8003
1010.5 83.8078
1011 83.8078
1011.5 83.8078
1012 83.8041
1012.5 83.8041
1013 83.8078
1013.5 83.8041
1014 83.8115
1014.5 83.8078
1015 83.8041
1015.5 83.8078
1016 83.8078
1016.5 83.8078
1017 83.8078
1017.5 83.8115
1018 83.8041
1018.5 83.8115
1019 83.8078
1019.5 83.8078
1020 83.8078
1020.5 83.8115
1021 83.8078
1021.5 83.8115
1022 83.819
1022.5 83.8115
1023 83.8041
1023.5 83.8041
1024 83.8078
1024.5 83.8115
1025 83.8041
1025.5 83.8115
1026 83.8078
1026.5 83.8078
1027 83.8078
1027.5 83.8041
1028 83.8041
1028.5 83.8115
1029 83.8078
1029.5 83.8115
1030 83.8041
1030.5 83.8115
1031 83.8115
1031.5 83.8078
1032 83.8041
1032.5 83.8041
1033 83.8041
1033.5 83.8078
1034 83.8115
1034.5 83.8041
1035 83.8078
1035.5 83.8078
1036 83.8041
1036.5 83.8078
1037 83.8041
1037.5 83.8115
1038 83.8115
1038.5 83.8003
1039 83.8078
1039.5 83.8115
1040 83.8078
1040.5 83.8003
1041 83.8041
1041.5 83.8078
1042 83.8078
1042.5 83.8115
1043 83.8041
1043.5 83.8115
1044 83.8078
1044.5 83.8115
1045 83.8078
1045.5 83.8078
1046 83.8078
1046.5 83.8041
1047 83.8078
1047.5 83.8041
1048 83.8041
1048.5 83.8078
1049 83.8041
1049.5 83.8078
1050 83.8115
1050.5 83.8078
1051 83.8041
1051.5 83.8041
1052 83.8115
1052.5 83.8078
1053 83.8078
1053.5 83.8078
1054 83.8003
1054.5 83.8041
1055 83.8115
1055.5 83.8078
1056 83.8003
1056.5 83.8078
1057 83.8078
1057.5 83.8078
1058 83.8041
1058.5 83.8078
1059 83.8078
1059.5 83.8078
1060 83.8115
1060.5 83.8041
1061 83.8041
1061.5 83.8078
1062 83.8041
1062.5 83.8041
1063 83.8041
1063.5 83.8078
1064 83.8078
1064.5 83.8115
1065 83.8041
1065.5 83.8041
1066 83.8041
1066.5 83.8115
1067 83.8078
1067.5 83.8078
1068 83.8078
1068.5 83.8078
1069 83.8078
1069.5 83.8078
1070 83.8078
1070.5 83.8078
1071 83.8078
1071.5 83.8078
1072 83.8115
1072.5 83.8078
1073 83.8115
1073.5 83.8078
1074 83.8078
1074.5 83.8115
1075 83.8078
1075.5 83.8078
1076 83.8115
1076.5 83.8078
1077 83.8078
1077.5 83.8115
1078 83.8078
1078.5 83.8078
1079 83.8078
1079.5 83.8115
1080 83.8078
1080.5 83.8078
1081 83.8041
1081.5 83.8078
1082 83.8078
1082.5 83.8078
1083 83.8041
1083.5 83.8041
1084 83.8041
1084.5 83.8041
1085 83.8041
1085.5 83.8078
1086 83.8078
1086.5 83.8078
1087 83.8078
1087.5 83.8078
1088 83.8041
1088.5 83.8115
1089 83.8078
1089.5 83.8041
1090 83.8078
1090.5 83.8041
1091 83.8041
1091.5 83.8041
1092 83.8078
1092.5 83.8003
1093 83.8078
1093.5 83.8003
1094 83.8078
1094.5 83.8115
1095 83.8041
1095.5 83.8041
1096 83.8041
1096.5 83.8041
1097 83.8041
1097.5 83.8041
1098 83.8115
1098.5 83.8115
1099 83.8078
1099.5 83.8041
1100 83.8078
1100.5 83.8041
1101 83.8078
1101.5 83.8041
1102 83.8041
1102.5 83.8078
1103 83.8078
1103.5 83.8078
1104 83.8078
1104.5 83.8078
1105 83.8078
1105.5 83.8078
1106 83.8078
1106.5 83.8078
1107 83.8078
1107.5 83.8078
1108 83.8078
1108.5 83.8041
1109 83.8078
1109.5 83.8041
1110 83.8041
1110.5 83.8078
1111 83.8041
1111.5 83.8078
1112 83.8041
1112.5 83.8078
1113 83.8078
1113.5 83.8078
1114 83.8078
1114.5 83.8003
1115 83.8078
1115.5 83.8041
1116 83.8078
1116.5 83.8078
1117 83.8078
1117.5 83.8078
1118 83.8041
1118.5 83.8041
1119 83.8078
1119.5 83.8078
1120 83.8078
1120.5 83.8041
1121 83.8078
1121.5 83.8041
1122 83.819
1122.5 83.8078
1123 83.8041
1123.5 83.8078
1124 83.8078
1124.5 83.8078
1125 83.8078
1125.5 83.8115
1126 83.8078
1126.5 83.8078
1127 83.8041
1127.5 83.8078
1128 83.8041
1128.5 83.8115
1129 83.8078
1129.5 83.8078
1130 83.8041
1130.5 83.8078
1131 83.8078
1131.5 83.8078
1132 83.8078
1132.5 83.8041
1133 83.8078
1133.5 83.8003
1134 83.8078
1134.5 83.8078
1135 83.8078
1135.5 83.8115
1136 83.8041
1136.5 83.8078
1137 83.8078
1137.5 83.8078
1138 83.8003
1138.5 83.8003
1139 83.8041
1139.5 83.8115
1140 83.8041
1140.5 83.8041
1141 83.8041
1141.5 83.8041
1142 83.8078
1142.5 83.8078
1143 83.8041
1143.5 83.8041
1144 83.8078
1144.5 83.8078
1145 83.8041
1145.5 83.8078
1146 83.8115
1146.5 83.8078
1147 83.8003
1147.5 83.8041
1148 83.8041
1148.5 83.8078
1149 83.8041
1149.5 83.8041
1150 83.8041
1150.5 83.8078
1151 83.8078
1151.5 83.8041
1152 83.8078
1152.5 83.8041
1153 83.8041
1153.5 83.8041
1154 83.8041
1154.5 83.8078
1155 83.8078
1155.5 83.8041
1156 83.8078
1156.5 83.8041
1157 83.8264
1157.5 83.8041
1158 83.8003
1158.5 83.8041
1159 83.8041
1159.5 83.8041
1160 83.8078
1160.5 83.8041
1161 83.8041
1161.5 83.8078
1162 83.8041
1162.5 83.8078
1163 83.8041
1163.5 83.8041
1164 83.8041
1164.5 83.8003
1165 83.8041
1165.5 83.8078
1166 83.8003
1166.5 83.8078
1167 83.8041
1167.5 83.8078
1168 83.8078
1168.5 83.8003
1169 83.8041
1169.5 83.8078
1170 83.8041
1170.5 83.8041
1171 83.8041
1171.5 83.8041
1172 83.8078
1172.5 83.8078
1173 83.8078
1173.5 83.8041
1174 83.8003
1174.5 83.8078
1175 83.8078
1175.5 83.8041
1176 83.8078
1176.5 83.8041
1177 83.8078
1177.5 83.8078
1178 83.8003
1178.5 83.8041
1179 83.8078
1179.5 83.8078
1180 83.8078
1180.5 83.8078
1181 83.8078
1181.5 83.8003
1182 83.8078
1182.5 83.8041
1183 83.8078
1183.5 83.8041
1184 83.8078
1184.5 83.8115
1185 83.8041
1185.5 83.8078
1186 83.8115
1186.5 83.8041
1187 83.8078
1187.5 83.8041
1188 83.8003
1188.5 83.8041
1189 83.8078
1189.5 83.8078
1190 83.8041
1190.5 83.8078
1191 83.8041
1191.5 83.8003
1192 83.8041
1192.5 83.7966
1193 83.8078
1193.5 83.8041
1194 83.8041
1194.5 83.8003
1195 83.8003
1195.5 83.8003
1196 83.8041
1196.5 83.8041
1197 83.8003
1197.5 83.8041
1198 83.8078
1198.5 83.8041
1199 83.8041
1199.5 83.8003
1200 83.8003
1200.5 83.8041
1201 83.8041
1201.5 83.8041
1202 83.8041
1202.5 83.8003
1203 83.8041
1203.5 83.8041
1204 83.8041
1204.5 83.8041
1205 83.8003
1205.5 83.8078
1206 83.8078
1206.5 83.8041
1207 83.8003
1207.5 83.8041
1208 83.8078
1208.5 83.8078
1209 83.8115
1209.5 83.8003
1210 83.8078
1210.5 83.8078
1211 83.8078
1211.5 83.8041
1212 83.8115
1212.5 83.8003
1213 83.8041
1213.5 83.8003
1214 83.8078
1214.5 83.8041
1215 83.8041
1215.5 83.8041
1216 83.8078
1216.5 83.8078
1217 83.8003
1217.5 83.8041
1218 83.8041
1218.5 83.8003
1219 83.8003
1219.5 83.8078
1220 83.8003
1220.5 83.8003
1221 83.8041
1221.5 83.8041
1222 83.8078
1222.5 83.8003
1223 83.8003
1223.5 83.8041
1224 83.8003
1224.5 83.8003
1225 83.8041
1225.5 83.8041
1226 83.8041
1226.5 83.8041
1227 83.8041
1227.5 83.8041
1228 83.8003
1228.5 83.8078
1229 83.8041
1229.5 83.8003
1230 83.8041
1230.5 83.8078
1231 83.8041
1231.5 83.8115
1232 83.8041
1232.5 83.8041
1233 83.8041
1233.5 83.8041
1234 83.8078
1234.5 83.8041
1235 83.8078
1235.5 83.8041
1236 83.8041
1236.5 83.8003
1237 83.8003
1237.5 83.8041
1238 83.8078
1238.5 83.8041
1239 83.8003
1239.5 83.8078
1240 83.8041
1240.5 83.8041
1241 83.8078
1241.5 83.8003
1242 83.8041
1242.5 83.8078
1243 83.8078
1243.5 83.8003
1244 83.8041
1244.5 83.8041
1245 83.8041
1245.5 83.8003
1246 83.8041
1246.5 83.8003
1247 83.8041
1247.5 83.8003
1248 83.8003
1248.5 83.8078
1249 83.8078
1249.5 83.8041
1250 83.8041
1250.5 83.8041
1251 83.8041
1251.5 83.7892
1252 83.8003
1252.5 83.8003
1253 83.8041
1253.5 83.8003
1254 83.8003
1254.5 83.8041
1255 83.8003
1255.5 83.8003
1256 83.8041
1256.5 83.8041
1257 83.8003
1257.5 83.8041
1258 83.8003
1258.5 83.8003
1259 83.8003
1259.5 83.8003
1260 83.8041
1260.5 83.8041
1261 83.8003
1261.5 83.8003
1262 83.8041
1262.5 83.8003
1263 83.8003
1263.5 83.8041
1264 83.8041
1264.5 83.8041
1265 83.8041
1265.5 83.8041
1266 83.8041
1266.5 83.8078
1267 83.8078
1267.5 83.8003
1268 83.8041
1268.5 83.8041
1269 83.8041
1269.5 83.8003
1270 83.8003
1270.5 83.7966
1271 83.8078
1271.5 83.7966
1272 83.8041
1272.5 83.8041
1273 83.8078
1273.5 83.8078
1274 83.8041
1274.5 83.8003
1275 83.8041
1275.5 83.8041
1276 83.8003
1276.5 83.8078
1277 83.8041
1277.5 83.8003
1278 83.8003
1278.5 83.8003
1279 83.8003
1279.5 83.8003
1280 83.8003
1280.5 83.8003
1281 83.8041
1281.5 83.8041
1282 83.8003
1282.5 83.7966
1283 83.8003
1283.5 83.8078
1284 83.8041
1284.5 83.8041
1285 83.7966
1285.5 83.8041
1286 83.8003
1286.5 83.8041
1287 83.8041
1287.5 83.8078
1288 83.8078
1288.5 83.8003
1289 83.8078
1289.5 83.8041
1290 83.8003
1290.5 83.8041
1291 83.8041
1291.5 83.8078
1292 83.8003
1292.5 83.8041
1293 83.8003
1293.5 83.8078
1294 83.8041
1294.5 83.8078
1295 83.8078
1295.5 83.8041
1296 83.8078
1296.5 83.8041
1297 83.8078
1297.5 83.8003
1298 83.8115
1298.5 83.8041
1299 83.8041
1299.5 83.8041
1300 83.8041
1300.5 83.8041
1301 83.8078
1301.5 83.8078
1302 83.8078
1302.5 83.8041
1303 83.8041
1303.5 83.8078
1304 83.8003
1304.5 83.8041
1305 83.8041
1305.5 83.8041
1306 83.8078
1306.5 83.8078
1307 83.8041
1307.5 83.8003
1308 83.8003
1308.5 83.8041
1309 83.8003
1309.5 83.7966
1310 83.8041
1310.5 83.8041
1311 83.8041
1311.5 83.8003
1312 83.7966
1312.5 83.8041
1313 83.8041
1313.5 83.8041
1314 83.8003
1314.5 83.7966
1315 83.8003
1315.5 83.8041
1316 83.8003
1316.5 83.8003
1317 83.8003
1317.5 83.8041
1318 83.8041
1318.5 83.7966
1319 83.8003
1319.5 83.7966
1320 83.8041
1320.5 83.8003
1321 83.8003
1321.5 83.8041
1322 83.8078
1322.5 83.8003
1323 83.8041
1323.5 83.8041
1324 83.8041
1324.5 83.8041
1325 83.8003
1325.5 83.8003
1326 83.8041
1326.5 83.8078
1327 83.8041
1327.5 83.7966
1328 83.8041
1328.5 83.8041
1329 83.8003
1329.5 83.8003
1330 83.8041
1330.5 83.8041
1331 83.8003
1331.5 83.8003
1332 83.8003
1332.5 83.8041
1333 83.8003
1333.5 83.8003
1334 83.8003
1334.5 83.8041
1335 83.8041
1335.5 83.8003
1336 83.8041
1336.5 83.8041
1337 83.8003
1337.5 83.7966
1338 83.8041
1338.5 83.8003
1339 83.8041
1339.5 83.8041
1340 83.8003
1340.5 83.8003
1341 83.8003
1341.5 83.8003
1342 83.8041
1342.5 83.8041
1343 83.8003
1343.5 83.8041
1344 83.8041
1344.5 83.7966
1345 83.8003
1345.5 83.8041
1346 83.8003
1346.5 83.8041
1347 83.8041
1347.5 83.8003
1348 83.8003
1348.5 83.8041
1349 83.8003
1349.5 83.8041
1350 83.8003
1350.5 83.8003
1351 83.8003
1351.5 83.8003
1352 83.8041
1352.5 83.8041
1353 83.8041
1353.5 83.8003
1354 83.8041
1354.5 83.8003
1355 83.8003
1355.5 83.8003
1356 83.8078
1356.5 83.8003
1357 83.8041
1357.5 83.8041
1358 83.8041
1358.5 83.8041
1359 83.8041
1359.5 83.8003
1360 83.8003
1360.5 83.8003
1361 83.8003
1361.5 83.7966
1362 83.8003
1362.5 83.8003
1363 83.8003
1363.5 83.8041
1364 83.8003
1364.5 83.7966
1365 83.8003
1365.5 83.8003
1366 83.8041
1366.5 83.8041
1367 83.8041
1367.5 83.8003
1368 83.8003
1368.5 83.7966
1369 83.8041
1369.5 83.7966
1370 83.8003
1370.5 83.8003
1371 83.8041
1371.5 83.8003
1372 83.8003
1372.5 83.7966
1373 83.8041
1373.5 83.8003
1374 83.8003
1374.5 83.8003
1375 83.8003
1375.5 83.7966
1376 83.7966
1376.5 83.7966
1377 83.7892
1377.5 83.7966
1378 83.8003
1378.5 83.8003
1379 83.8003
1379.5 83.8003
1380 83.8003
1380.5 83.7966
1381 83.8041
1381.5 83.8078
1382 83.8078
1382.5 83.8041
1383 83.8003
1383.5 83.8041
1384 83.8003
1384.5 83.8003
1385 83.7966
1385.5 83.7966
1386 83.8003
1386.5 83.8003
1387 83.8003
1387.5 83.7966
1388 83.8003
1388.5 83.7966
1389 83.7966
1389.5 83.8003
1390 83.8003
1390.5 83.8003
1391 83.8041
1391.5 83.7966
1392 83.8003
1392.5 83.8003
1393 83.7966
1393.5 83.7966
1394 83.8003
1394.5 83.8003
1395 83.8003
1395.5 83.8041
1396 83.8003
1396.5 83.8003
1397 83.8003
1397.5 83.8003
1398 83.8003
1398.5 83.8041
1399 83.8041
1399.5 83.8003
1400 83.8041
1400.5 83.7929
1401 83.8041
1401.5 83.8003
1402 83.8041
1402.5 83.8003
1403 83.7966
1403.5 83.7966
1404 83.8003
1404.5 83.8003
1405 83.8078
1405.5 83.8003
1406 83.8003
1406.5 83.8003
1407 83.8041
1407.5 83.7966
1408 83.8003
1408.5 83.8041
1409 83.8003
1409.5 83.8003
1410 83.8041
1410.5 83.7966
1411 83.7966
1411.5 83.8003
1412 83.8041
1412.5 83.8003
1413 83.8003
1413.5 83.8003
1414 83.8003
1414.5 83.7966
1415 83.8003
1415.5 83.8003
1416 83.8003
1416.5 83.8003
1417 83.8003
1417.5 83.8003
1418 83.8003
1418.5 83.7966
1419 83.8003
1419.5 83.7966
1420 83.8003
1420.5 83.7966
1421 83.8003
1421.5 83.8003
1422 83.8003
1422.5 83.7929
1423 83.7966
1423.5 83.7966
1424 83.8003
1424.5 83.8003
1425 83.7966
1425.5 83.7966
1426 83.8003
1426.5 83.8003
1427 83.8003
1427.5 83.8041
1428 83.7966
1428.5 83.7966
1429 83.8041
1429.5 83.8003
1430 83.7966
1430.5 83.8003
1431 83.8003
1431.5 83.8003
1432 83.8003
1432.5 83.7966
1433 83.8041
1433.5 83.8003
1434 83.7966
1434.5 83.8003
1435 83.7966
1435.5 83.7966
1436 83.7929
1436.5 83.7966
1437 83.8003
1437.5 83.7966
1438 83.8003
1438.5 83.8003
1439 83.7966
1439.5 83.8003
1440 83.8003
1440.5 83.8003
1441 83.8003
1441.5 83.7966
1442 83.7929
1442.5 83.7966
1443 83.7966
1443.5 83.7966
1444 83.8003
1444.5 83.7966
1445 83.7966
1445.5 83.7966
1446 83.7929
1446.5 83.8003
1447 83.7966
1447.5 83.8041
1448 83.8041
1448.5 83.8003
1449 83.8003
1449.5 83.7966
1450 83.8003
1450.5 83.7929
1451 83.7966
1451.5 83.7966
1452 83.7929
1452.5 83.7966
1453 83.7966
1453.5 83.7929
1454 83.8003
1454.5 83.8003
1455 83.8003
1455.5 83.7966
1456 83.7966
1456.5 83.8003
1457 83.7966
1457.5 83.7966
1458 83.8003
1458.5 83.8041
1459 83.7966
1459.5 83.7966
1460 83.7966
1460.5 83.7966
1461 83.7966
1461.5 83.7966
1462 83.7966
1462.5 83.7966
1463 83.7929
1463.5 83.7929
1464 83.7966
1464.5 83.7966
1465 83.8003
1465.5 83.8003
1466 83.7929
1466.5 83.8003
1467 83.8003
1467.5 83.7966
1468 83.7966
1468.5 83.7966
1469 83.7929
1469.5 83.7966
1470 83.7966
1470.5 83.7966
1471 83.8003
1471.5 83.7966
1472 83.8003
1472.5 83.7966
1473 83.8003
1473.5 83.8003
1474 83.8041
1474.5 83.7966
1475 83.7966
1475.5 83.7929
1476 83.7966
1476.5 83.8003
1477 83.7966
1477.5 83.7966
1478 83.8003
1478.5 83.7966
1479 83.7966
1479.5 83.7966
1480 83.8003
1480.5 83.7966
1481 83.7966
1481.5 83.8003
1482 83.7966
1482.5 83.7966
1483 83.7966
1483.5 83.7966
1484 83.7929
1484.5 83.7966
1485 83.8003
1485.5 83.7966
1486 83.7929
1486.5 83.7892
1487 83.7966
1487.5 83.7929
1488 83.7929
1488.5 83.7966
1489 83.7966
1489.5 83.8003
1490 83.7966
1490.5 83.7966
1491 83.8003
1491.5 83.8003
1492 83.7892
1492.5 83.7966
1493 83.7966
1493.5 83.8003
1494 83.7966
1494.5 83.7966
1495 83.7929
1495.5 83.8003
1496 83.7929
1496.5 83.7929
1497 83.7929
1497.5 83.7929
1498 83.7966
1498.5 83.7929
1499 83.7929
1499.5 83.7892
1500 83.7929
1500.5 83.7966
1501 83.7929
1501.5 83.7966
1502 83.7929
1502.5 83.7929
1503 83.7929
1503.5 83.7929
1504 83.7966
1504.5 83.7929
1505 83.7966
1505.5 83.7966
1506 83.7892
1506.5 83.7929
1507 83.7929
1507.5 83.7929
1508 83.7929
1508.5 83.7892
1509 83.7892
1509.5 83.7966
1510 83.7966
1510.5 83.7892
1511 83.7929
1511.5 83.7892
1512 83.7929
1512.5 83.7929
1513 83.7892
1513.5 83.7929
1514 83.7966
1514.5 83.8003
1515 83.7892
1515.5 83.7929
1516 83.8003
1516.5 83.7966
1517 83.7966
1517.5 83.7929
1518 83.7929
1518.5 83.7929
1519 83.7929
1519.5 83.7966
1520 83.7929
1520.5 83.7929
1521 83.7966
1521.5 83.7929
1522 83.7966
1522.5 83.7966
1523 83.7929
1523.5 83.7929
1524 83.7892
1524.5 83.7966
1525 83.7892
1525.5 83.7929
1526 83.7966
1526.5 83.7929
1527 83.7929
1527.5 83.7892
1528 83.7929
1528.5 83.7929
1529 83.7929
1529.5 83.7929
1530 83.7892
1530.5 83.7892
1531 83.7892
1531.5 83.7892
1532 83.7892
1532.5 83.7929
1533 83.7966
