0 77.6196
0.5 77.6456
1 77.6829
1.5 77.709
2 77.7425
2.5 77.776
3 77.7984
3.5 77.8356
4 77.8766
4.5 77.9064
5 77.9474
5.5 77.9809
6 78.0145
6.5 78.0517
7 78.0815
7.5 78.1151
8 78.1449
8.5 78.1859
9 78.2194
9.5 78.2604
10 78.2939
10.5 78.3274
11 78.3684
11.5 78.3945
12 78.4317
12.5 78.4653
13 78.4988
13.5 78.5361
14 78.5696
14.5 78.5994
15 78.6329
15.5 78.6665
16 78.7037
16.5 78.7335
17 78.7633
17.5 78.8006
18 78.8304
18.5 78.8676
19 78.8974
19.5 78.931
20 78.9608
20.5 78.9943
21 79.0241
21.5 79.0539
22 79.0837
22.5 79.121
23 79.1433
23.5 79.1769
24 79.2067
24.5 79.2365
25 79.2625
25.5 79.2998
26 79.3259
26.5 79.3594
27 79.3855
27.5 79.4228
28 79.4488
28.5 79.4786
29 79.5084
29.5 79.5382
30 79.568
30.5 79.5904
31 79.6239
31.5 79.65
32 79.6761
32.5 79.7059
33 79.732
33.5 79.7581
34 79.7879
34.5 79.8139
35 79.8437
35.5 79.8698
36 79.8922
36.5 79.9257
37 79.9518
37.5 79.9779
38 80.0039
38.5 80.0263
39 80.0524
39.5 80.0822
40 80.1083
40.5 80.1343
41 80.1641
41.5 80.1828
42 80.2126
42.5 80.2349
43 80.2647
43.5 80.2908
44 80.3132
44.5 80.3392
45 80.3579
45.5 80.3877
46 80.41
46.5 80.4398
47 80.4622
47.5 80.4771
48 80.5032
48.5 80.533
49 80.5479
49.5 80.574
50 80.6
50.5 80.6224
51 80.6485
51.5 80.6671
52 80.6932
52.5 80.7193
53 80.7416
53.5 80.7677
54 80.7789
54.5 80.8087
55 80.831
55.5 80.8608
56 80.8832
56.5 80.9055
57 80.9242
57.5 80.9502
58 80.9651
58.5 80.9912
59 81.0136
59.5 81.0322
60 81.0546
60.5 81.0806
61 81.0993
61.5 81.1216
62 81.1403
62.5 81.1626
63 81.185
63.5 81.2073
64 81.2222
64.5 81.2483
65 81.2706
65.5 81.2893
66 81.3154
66.5 81.3303
67 81.3526
67.5 81.375
68 81.3899
68.5 81.4197
69 81.4308
69.5 81.4495
70 81.4718
70.5 81.4942
71 81.5165
71.5 81.5352
72 81.5501
72.5 81.5761
73 81.591
73.5 81.6171
74 81.6358
74.5 81.6469
75 81.673
75.5 81.6954
76 81.7065
76.5 81.7252
77 81.7475
77.5 81.7662
78 81.7885
78.5 81.8034
79 81.822
79.5 81.8407
80 81.863
80.5 81.8816
81 81.9003
81.5 81.9189
82 81.9375
82.5 81.9487
83 81.9711
83.5 81.9971
84 82.0158
84.5 82.0269
85 82.0456
85.5 82.0642
86 82.0791
86.5 82.1015
87 82.1126
87.5 82.1387
88 82.1499
88.5 82.1685
89 82.1871
89.5 82.202
90 82.2207
90.5 82.2319
91 82.2505
91.5 82.2728
92 82.284
92.5 82.3064
93 82.3213
93.5 82.3362
94 82.3548
94.5 82.3697
95 82.3921
95.5 82.3995
96 82.4219
96.5 82.4405
97 82.4554
97.5 82.474
98 82.4889
98.5 82.5038
99 82.5187
99.5 82.5374
100 82.556
100.5 82.5709
101 82.5858
101.5 82.6044
102 82.6193
102.5 82.6342
103 82.6454
103.5 82.6677
104 82.6827
104.5 82.6938
105 82.705
105.5 82.7274
106 82.7423
106.5 82.7534
107 82.7646
107.5 82.787
108 82.7981
108.5 82.8168
109 82.8354
109.5 82.8429
110 82.8615
110.5 82.8801
111 82.8913
111.5 82.9062
112 82.9285
112.5 82.936
113 82.9546
113.5 82.9658
114 82.977
114.5 82.9881
115 83.0105
115.5 83.0291
116 83.0366
116.5 83.0515
117 83.0627
117.5 83.0776
118 83.0962
118.5 83.1111
119 83.1297
119.5 83.1409
120 83.1484
120.5 83.167
121 83.1782
121.5 83.1893
122 83.2042
122.5 83.2229
123 83.2415
123.5 83.2489
124 83.2638
124.5 83.2713
125 83.2899
125.5 83.3011
126 83.3123
126.5 83.3272
127 83.3384
127.5 83.3533
128 83.3682
128.5 83.3793
129 83.3905
129.5 83.4129
130 83.424
130.5 83.4352
131 83.4427
131.5 83.4613
132 83.4725
132.5 83.4837
133 83.4948
133.5 83.506
134 83.5209
134.5 83.5321
135 83.547
135.5 83.5582
136 83.5656
136.5 83.5768
137 83.5954
137.5 83.6029
138 83.6252
138.5 83.6252
139 83.6439
139.5 83.6588
140 83.6699
140.5 83.6811
141 83.6923
141.5 83.696
142 83.7146
142.5 83.7295
143 83.737
143.5 83.7482
144 83.7668
144.5 83.778
145 83.7892
145.5 83.7966
146 83.8115
146.5 83.819
147 83.8301
147.5 83.845
148 83.8599
148.5 83.8637
149 83.8823
149.5 83.886
150 83.9046
150.5 83.9084
151 83.9233
151.5 83.927
152 83.9456
152.5 83.9605
153 83.9643
153.5 83.9717
154 83.9829
154.5 84.0052
155 84.009
155.5 84.0239
156 84.0276
156.5 84.0388
157 84.0574
157.5 84.0611
158 84.0723
158.5 84.0872
159 84.0909
159.5 84.1021
160 84.1133
160.5 84.1282
161 84.1431
161.5 84.1468
162 84.158
162.5 84.1617
163 84.1841
163.5 84.1915
164 84.199
164.5 84.2064
165 84.2176
165.5 84.2362
166 84.2437
166.5 84.2437
167 84.2549
167.5 84.266
168 84.2847
168.5 84.2958
169 84.2996
169.5 84.307
170 84.3182
170.5 84.3256
171 84.3368
171.5 84.3443
172 84.3592
172.5 84.3703
173 84.3778
173.5 84.3815
174 84.3927
174.5 84.4039
175 84.4151
175.5 84.4225
176 84.43
176.5 84.4411
177 84.4598
177.5 84.4635
178 84.4709
178.5 84.4784
179 84.4821
179.5 84.4933
180 84.5082
180.5 84.5119
181 84.5268
181.5 84.5305
182 84.5417
182.5 84.5492
183 84.5604
183.5 84.5678
184 84.579
184.5 84.5939
185 84.5939
185.5 84.6013
186 84.6125
186.5 84.62
187 84.6349
187.5 84.646
188 84.646
188.5 84.6647
189 84.6684
189.5 84.6758
190 84.687
190.5 84.687
191 84.6982
191.5 84.7131
192 84.7206
192.5 84.728
193 84.7317
193.5 84.7355
194 84.7466
194.5 84.7578
195 84.7653
195.5 84.7764
196 84.7839
196.5 84.7951
197 84.8025
197.5 84.8025
198 84.8174
198.5 84.8211
199 84.8323
199.5 84.8323
200 84.8435
200.5 84.8584
201 84.8584
201.5 84.8733
202 84.877
202.5 84.8919
203 84.8957
203.5 84.9031
204 84.9068
204.5 84.918
205 84.9292
205.5 84.9404
206 84.9441
206.5 84.9441
207 84.9553
207.5 84.9627
208 84.9627
208.5 84.9776
209 84.9851
209.5 84.9925
210 85
210.5 85.0074
211 85.0149
211.5 85.0223
212 85.0298
212.5 85.0447
213 85.0447
213.5 85.0559
214 85.0596
214.5 85.067
215 85.0782
215.5 85.0819
216 85.0894
216.5 85.1043
217 85.1006
217.5 85.108
218 85.1192
218.5 85.1192
219 85.1378
219.5 85.1378
220 85.1453
220.5 85.1527
221 85.1602
221.5 85.1602
222 85.1714
222.5 85.1751
223 85.1863
223.5 85.19
224 85.1974
224.5 85.1974
225 85.2086
225.5 85.2235
226 85.2272
226.5 85.2384
227 85.2421
227.5 85.2496
228 85.2533
228.5 85.2608
229 85.2608
229.5 85.2757
230 85.2831
230.5 85.2906
231 85.2906
231.5 85.298
232 85.3055
232.5 85.3166
233 85.3204
233.5 85.3241
234 85.3353
234.5 85.339
235 85.3465
235.5 85.3539
236 85.3614
236.5 85.3651
237 85.3688
237.5 85.3763
238 85.3763
238.5 85.3837
239 85.3949
239.5 85.4023
240 85.4098
240.5 85.4135
241 85.421
241.5 85.4247
242 85.4284
242.5 85.4359
243 85.4396
243.5 85.4545
244 85.4582
244.5 85.4619
245 85.4619
245.5 85.4694
246 85.4806
246.5 85.4843
247 85.4918
247.5 85.4918
248 85.4955
248.5 85.5104
249 85.5141
249.5 85.5178
250 85.529
250.5 85.529
251 85.5327
251.5 85.5402
252 85.5476
252.5 85.5551
253 85.5663
253.5 85.5588
254 85.57
254.5 85.5737
255 85.5812
255.5 85.5886
256 85.5886
256.5 85.5961
257 85.5998
257.5 85.6072
258 85.611
258.5 85.6184
259 85.6184
259.5 85.6259
260 85.6333
260.5 85.6445
261 85.652
261.5 85.6557
262 85.6557
262.5 85.6631
263 85.6631
263.5 85.6743
264 85.678
264.5 85.6892
265 85.6892
265.5 85.6967
266 85.6967
266.5 85.7041
267 85.7041
267.5 85.7153
268 85.7153
268.5 85.7227
269 85.7265
269.5 85.7414
270 85.7414
270.5 85.7451
271 85.7451
271.5 85.7525
272 85.7563
272.5 85.7637
273 85.7674
273.5 85.7749
274 85.7786
274.5 85.7823
275 85.7898
275.5 85.7861
276 85.7935
276.5 85.801
277 85.8122
277.5 85.8122
278 85.8159
278.5 85.8196
279 85.8271
279.5 85.8308
280 85.8345
280.5 85.8345
281 85.8457
281.5 85.8457
282 85.8494
282.5 85.8606
283 85.8606
283.5 85.868
284 85.8718
284.5 85.8718
285 85.8829
285.5 85.8941
286 85.8904
286.5 85.8941
287 85.9016
287.5 85.9016
288 85.909
288.5 85.909
289 85.9276
289.5 85.9239
290 85.9239
290.5 85.9351
291 85.9388
291.5 85.9426
292 85.9463
292.5 85.9463
293 85.9537
293.5 85.9575
294 85.9575
294.5 85.9612
295 85.9835
295.5 85.9761
296 85.9798
296.5 85.9835
297 85.991
297.5 85.991
298 85.991
298.5 86.0022
299 85.9984
299.5 86.0022
300 86.0133
300.5 86.0133
301 86.0208
301.5 86.0208
302 86.0208
302.5 86.0394
303 86.0357
303.5 86.0357
304 86.0469
304.5 86.0469
305 86.0543
305.5 86.058
306 86.0618
306.5 86.0655
307 86.0618
307.5 86.0692
308 86.0729
308.5 86.0804
309 86.0804
309.5 86.0916
310 86.0916
310.5 86.099
311 86.1028
311.5 86.1028
312 86.1028
312.5 86.1102
313 86.1139
313.5 86.1139
314 86.1177
314.5 86.1214
315 86.1326
315.5 86.1326
316 86.1326
316.5 86.14
317 86.14
317.5 86.1512
318 86.1437
318.5 86.1549
319 86.1586
319.5 86.1624
320 86.1624
320.5 86.1661
321 86.1773
321.5 86.1735
322 86.1773
322.5 86.181
323 86.1884
323.5 86.1847
324 86.1959
324.5 86.1959
325 86.1996
325.5 86.2071
326 86.2071
326.5 86.2145
327 86.2182
327.5 86.2182
328 86.2182
328.5 86.2182
329 86.2257
329.5 86.2294
330 86.2369
330.5 86.2369
331 86.2406
331.5 86.2443
332 86.2406
332.5 86.248
333 86.2555
333.5 86.2592
334 86.2592
334.5 86.2592
335 86.2741
335.5 86.2741
336 86.2779
336.5 86.2779
337 86.2779
337.5 86.2853
338 86.2928
338.5 86.289
339 86.2965
339.5 86.2928
340 86.3002
340.5 86.3039
341 86.3077
341.5 86.3039
342 86.3114
342.5 86.3114
343 86.3151
343.5 86.3188
344 86.3263
344.5 86.3263
345 86.33
345.5 86.33
346 86.3375
346.5 86.3375
347 86.3412
347.5 86.3412
348 86.3486
348.5 86.3524
349 86.3561
349.5 86.3524
350 86.3598
350.5 86.3673
351 86.3673
351.5 86.3673
352 86.3635
352.5 86.3822
353 86.3822
353.5 86.3822
354 86.3859
354.5 86.3859
355 86.3933
355.5 86.3971
356 86.3971
356.5 86.4679
357 86.4008
357.5 86.4045
358 86.4083
358.5 86.4083
359 86.412
359.5 86.4083
360 86.4194
360.5 86.4232
361 86.4269
361.5 86.4306
362 86.4306
362.5 86.4306
363 86.4306
363.5 86.4455
364 86.4418
364.5 86.4343
365 86.4492
365.5 86.4492
366 86.453
366.5 86.453
367 86.4567
367.5 86.4604
368 86.4567
368.5 86.4641
369 86.4679
369.5 86.4679
370 86.4716
370.5 86.4716
371 86.479
371.5 86.4753
372 86.4753
372.5 86.4865
373 86.4902
373.5 86.4902
374 86.4902
374.5 86.4939
375 86.4902
375.5 86.4939
376 86.5088
376.5 86.5088
377 86.5088
377.5 86.5163
378 86.5126
378.5 86.52
379 86.5237
379.5 86.52
380 86.5237
380.5 86.5312
381 86.5312
381.5 86.5312
382 86.5349
382.5 86.5349
383 86.5349
383.5 86.5349
384 86.5424
384.5 86.5349
385 86.5386
385.5 86.5498
386 86.5573
386.5 86.5498
387 86.561
387.5 86.5573
388 86.5573
388.5 86.5647
389 86.5647
389.5 86.5722
390 86.5722
390.5 86.5759
391 86.5759
391.5 86.5796
392 86.5759
392.5 86.5759
393 86.5834
393.5 86.5871
394 86.5871
394.5 86.5834
395 86.5945
395.5 86.5945
396 86.5945
396.5 86.5983
397 86.5983
397.5 86.5983
398 86.602
398.5 86.6057
399 86.6057
399.5 86.6169
400 86.6206
400.5 86.6169
401 86.6243
401.5 86.6206
402 86.6169
402.5 86.6281
403 86.6281
403.5 86.6281
404 86.6318
404.5 86.6318
405 86.6392
405.5 86.6355
406 86.6355
406.5 86.6392
407 86.6392
407.5 86.6467
408 86.643
408.5 86.6467
409 86.6504
409.5 86.6579
410 86.6579
410.5 86.6579
411 86.6653
411.5 86.6616
412 86.6616
412.5 86.6653
413 86.669
413.5 86.6653
414 86.669
414.5 86.669
415 86.6802
415.5 86.6839
416 86.6802
416.5 86.6839
417 86.6877
417.5 86.6877
418 86.6877
418.5 86.6877
419 86.6914
419.5 86.6951
420 86.6914
420.5 86.6951
421 86.6988
421.5 86.6988
422 86.71
422.5 86.7063
423 86.7063
423.5 86.7063
424 86.7137
424.5 86.7026
425 86.7137
425.5 86.7137
426 86.71
426.5 86.7212
427 86.7175
427.5 86.7212
428 86.7175
428.5 86.7249
429 86.7324
429.5 86.7361
430 86.7361
430.5 86.7361
431 86.7361
431.5 86.7361
432 86.7398
432.5 86.7398
433 86.7436
433.5 86.7436
434 86.751
434.5 86.751
435 86.7473
435.5 86.751
436 86.751
436.5 86.7547
437 86.7585
437.5 86.7585
438 86.7547
438.5 86.7622
439 86.7622
439.5 86.7659
440 86.7622
440.5 86.7696
441 86.7734
441.5 86.7734
442 86.7734
442.5 86.7771
443 86.7771
443.5 86.7808
444 86.7771
444.5 86.7808
445 86.7808
445.5 86.7808
446 86.7957
446.5 86.7808
447 86.792
447.5 86.7994
448 86.7994
448.5 86.792
449 86.7957
449.5 86.8032
450 86.8069
450.5 86.8069
451 86.8032
451.5 86.8069
452 86.8106
452.5 86.8143
453 86.8106
453.5 86.8143
454 86.8106
454.5 86.8181
455 86.8143
455.5 86.8143
456 86.8181
456.5 86.8218
457 86.8218
457.5 86.8218
458 86.8255
458.5 86.8218
459 86.8255
459.5 86.8255
460 86.8292
460.5 86.8367
461 86.8255
461.5 86.8367
462 86.8404
462.5 86.8367
463 86.8404
463.5 86.8404
464 86.8404
464.5 86.8404
465 86.8479
465.5 86.8404
466 86.8516
466.5 86.8479
467 86.8553
467.5 86.8516
468 86.859
468.5 86.8553
469 86.8553
469.5 86.859
470 86.859
470.5 86.859
471 86.859
471.5 86.8628
472 86.8628
472.5 86.8665
473 86.8665
473.5 86.8702
474 86.8702
474.5 86.8665
475 86.874
475.5 86.874
476 86.8777
476.5 86.874
477 86.8777
477.5 86.8777
478 86.8777
478.5 86.8814
479 86.8851
479.5 86.8889
480 86.8889
480.5 86.8889
481 86.8889
481.5 86.8851
482 86.8851
482.5 86.8889
483 86.8926
483.5 86.8926
484 86.9
484.5 86.8963
485 86.9
485.5 86.9
486 86.9
486.5 86.9075
487 86.9075
487.5 86.9
488 86.9
488.5 86.9075
489 86.9075
489.5 86.9149
490 86.9075
490.5 86.9149
491 86.9187
491.5 86.9112
492 86.9187
492.5 86.9187
493 86.9224
493.5 86.9224
494 86.9224
494.5 86.9224
495 86.9187
495.5 86.9261
496 86.9298
496.5 86.9298
497 86.9298
497.5 86.9261
498 86.9298
498.5 86.9336
499 86.9298
499.5 86.9373
500 86.9298
500.5 86.9336
501 86.9373
501.5 86.9373
502 86.941
502.5 86.941
503 86.941
503.5 86.941
504 86.9373
504.5 86.9373
505 86.941
505.5 86.9485
506 86.9447
506.5 86.9485
507 86.9447
507.5 86.9485
508 86.9522
508.5 86.9485
509 86.9522
509.5 86.9522
510 86.9559
510.5 86.9596
511 86.9596
511.5 86.9559
512 86.9559
512.5 86.9671
513 86.9559
513.5 86.9671
514 86.9671
514.5 86.9596
515 86.9671
515.5 86.9671
516 86.9671
516.5 86.9708
517 86.9708
517.5 86.9708
518 86.9708
518.5 86.9708
519 86.9783
519.5 86.9745
520 86.982
520.5 86.9783
521 86.9783
521.5 86.9857
522 86.982
522.5 86.982
523 86.9857
523.5 86.9857
524 86.9857
524.5 86.982
525 86.9894
525.5 86.9894
526 86.9894
526.5 86.9932
527 86.9857
527.5 86.9932
528 86.9894
528.5 86.9894
529 86.9932
529.5 86.9969
530 86.9969
530.5 86.9894
531 86.9932
531.5 86.9969
532 87.0006
532.5 86.9969
533 87.0043
533.5 87.0081
534 87.0006
534.5 87.0006
535 87.0043
535.5 87.0081
536 87.0043
536.5 87.0081
537 87.0081
537.5 87.0118
538 87.0118
538.5 87.0118
539 87.0081
539.5 87.0155
540 87.0118
540.5 87.0118
541 87.0155
541.5 87.0155
542 87.0155
542.5 87.023
543 87.0155
543.5 87.0155
544 87.0267
544.5 87.023
545 87.0267
545.5 87.023
546 87.0267
546.5 87.0267
547 87.0267
547.5 87.0304
548 87.0304
548.5 87.0304
549 87.0342
549.5 87.0304
550 87.0304
550.5 87.0342
551 87.0304
551.5 87.0379
552 87.0379
552.5 87.0342
553 87.0379
553.5 87.0379
554 87.0379
554.5 87.0379
555 87.0416
555.5 87.0453
556 87.0416
556.5 87.0416
557 87.0453
557.5 87.0491
558 87.0491
558.5 87.0528
559 87.0453
559.5 87.0491
560 87.0528
560.5 87.0528
561 87.0528
561.5 87.0491
562 87.0491
562.5 87.0565
563 87.0565
563.5 87.0565
564 87.0491
564.5 87.0528
565 87.0565
565.5 87.0602
566 87.0565
566.5 87.0602
567 87.064
567.5 87.064
568 87.064
568.5 87.0602
569 87.0602
569.5 87.0565
570 87.0602
570.5 87.064
571 87.064
571.5 87.064
572 87.064
572.5 87.064
573 87.064
573.5 87.064
574 87.0677
574.5 87.0714
575 87.0677
575.5 87.064
576 87.0677
576.5 87.0677
577 87.0677
577.5 87.0751
578 87.0714
578.5 87.0714
579 87.0751
579.5 87.0751
580 87.0751
580.5 87.0714
581 87.0714
581.5 87.0751
582 87.0863
582.5 87.0714
583 87.0826
583.5 87.0826
584 87.0826
584.5 87.0863
585 87.0826
585.5 87.0826
586 87.0863
586.5 87.0863
587 87.0863
587.5 87.0863
588 87.0863
588.5 87.0863
589 87.09
589.5 87.0938
590 87.09
590.5 87.0863
591 87.09
591.5 87.0975
592 87.0938
592.5 87.09
593 87.0938
593.5 87.09
594 87.0938
594.5 87.0938
595 87.0975
595.5 87.0975
596 87.0938
596.5 87.0938
597 87.0975
597.5 87.1049
598 87.1087
598.5 87.1012
599 87.1049
599.5 87.1049
600 87.1012
600.5 87.1012
601 87.1012
601.5 87.1049
602 87.1049
602.5 87.1124
603 87.1049
603.5 87.1087
604 87.1087
604.5 87.1087
605 87.1087
605.5 87.1124
606 87.1087
606.5 87.1087
607 87.1124
607.5 87.1124
608 87.1124
608.5 87.1161
609 87.1124
609.5 87.1161
610 87.1161
610.5 87.1161
611 87.1161
611.5 87.1161
612 87.1161
612.5 87.1198
613 87.1198
613.5 87.1161
614 87.1198
614.5 87.1124
615 87.1236
615.5 87.1236
616 87.1198
616.5 87.1198
617 87.1198
617.5 87.1236
618 87.1198
618.5 87.1198
619 87.1236
619.5 87.131
620 87.1236
620.5 87.1236
621 87.1273
621.5 87.1273
622 87.1273
622.5 87.1273
623 87.1273
623.5 87.1273
624 87.1273
624.5 87.1273
625 87.1273
625.5 87.1347
626 87.131
626.5 87.131
627 87.131
627.5 87.131
628 87.131
628.5 87.1273
629 87.131
629.5 87.131
630 87.1273
630.5 87.131
631 87.131
631.5 87.1347
632 87.1347
632.5 87.131
633 87.131
633.5 87.131
634 87.1347
634.5 87.1422
635 87.1422
635.5 87.1422
636 87.131
636.5 87.1422
637 87.1422
637.5 87.131
638 87.1459
638.5 87.1459
639 87.1459
639.5 87.1459
640 87.1422
640.5 87.1422
641 87.1422
641.5 87.1459
642 87.1534
642.5 87.1496
643 87.1496
643.5 87.1459
644 87.1459
644.5 87.1496
645 87.1496
645.5 87.1534
646 87.1534
646.5 87.1534
647 87.1534
647.5 87.1496
648 87.1496
648.5 87.1571
649 87.1534
649.5 87.1496
650 87.1534
650.5 87.1534
651 87.1571
651.5 87.1571
652 87.1534
652.5 87.1571
653 87.1571
653.5 87.1608
654 87.1571
654.5 87.1608
655 87.1608
655.5 87.1534
656 87.1571
656.5 87.1608
657 87.1608
657.5 87.1608
658 87.1608
658.5 87.1645
659 87.1683
659.5 87.1645
660 87.1608
660.5 87.1645
661 87.1645
661.5 87.1608
662 87.1645
662.5 87.1608
663 87.1645
663.5 87.1608
664 87.1571
664.5 87.1645
665 87.1645
665.5 87.1645
666 87.172
666.5 87.1608
667 87.1645
667.5 87.1608
668 87.1683
668.5 87.1683
669 87.1683
669.5 87.172
670 87.1645
670.5 87.1683
671 87.1683
671.5 87.1683
672 87.1757
672.5 87.1683
673 87.172
673.5 87.1683
674 87.1683
674.5 87.172
675 87.1683
675.5 87.1683
676 87.1757
676.5 87.1757
677 87.1683
677.5 87.1757
678 87.1757
678.5 87.1757
679 87.1757
679.5 87.1757
680 87.1794
680.5 87.1757
681 87.1757
681.5 87.1757
682 87.1794
682.5 87.1794
683 87.172
683.5 87.1757
684 87.172
684.5 87.1794
685 87.172
685.5 87.1832
686 87.1794
686.5 87.1832
687 87.1794
687.5 87.1757
688 87.1794
688.5 87.1794
689 87.1869
689.5 87.1869
690 87.1869
690.5 87.1794
691 87.1794
691.5 87.1794
692 87.1869
692.5 87.1869
693 87.1832
693.5 87.1869
694 87.1869
694.5 87.1832
695 87.1906
695.5 87.1832
696 87.1832
696.5 87.1832
697 87.1869
697.5 87.1869
698 87.1906
698.5 87.1869
699 87.1869
699.5 87.1869
700 87.1832
700.5 87.1869
701 87.1869
701.5 87.1981
702 87.1869
702.5 87.1869
703 87.1869
703.5 87.1906
704 87.1906
704.5 87.1906
705 87.1906
705.5 87.1869
706 87.1981
706.5 87.1906
707 87.1906
707.5 87.1981
708 87.2018
708.5 87.1906
709 87.1981
709.5 87.1869
710 87.1981
710.5 87.2018
711 87.1981
711.5 87.1869
712 87.1981
712.5 87.1981
713 87.1981
713.5 87.1981
714 87.2018
714.5 87.2018
715 87.2055
715.5 87.1981
716 87.2055
716.5 87.1981
717 87.1981
717.5 87.2018
718 87.2018
718.5 87.1981
719 87.2055
719.5 87.2055
720 87.2018
720.5 87.2018
721 87.2055
721.5 87.2055
722 87.2018
722.5 87.2055
723 87.2055
723.5 87.2055
724 87.2055
724.5 87.2055
725 87.2018
725.5 87.2055
726 87.2093
726.5 87.2055
727 87.2093
727.5 87.2055
728 87.2018
728.5 87.2055
729 87.2018
729.5 87.2093
730 87.2055
730.5 87.2093
731 87.2093
731.5 87.2093
732 87.213
732.5 87.2055
733 87.2093
733.5 87.213
734 87.213
734.5 87.213
735 87.2093
735.5 87.2093
736 87.2093
736.5 87.2093
737 87.2055
737.5 87.2093
738 87.213
738.5 87.213
739 87.2093
739.5 87.213
740 87.213
740.5 87.213
741 87.213
741.5 87.213
742 87.2167
742.5 87.213
743 87.2167
743.5 87.213
744 87.213
744.5 87.213
745 87.2167
745.5 87.2167
746 87.213
746.5 87.213
747 87.213
747.5 87.213
748 87.2167
748.5 87.2093
749 87.2167
749.5 87.2167
750 87.2167
750.5 87.2167
751 87.2204
751.5 87.213
752 87.2204
752.5 87.213
753 87.213
753.5 87.2167
754 87.2204
754.5 87.2167
755 87.2204
755.5 87.2167
756 87.2204
756.5 87.213
757 87.2167
757.5 87.2242
758 87.2167
758.5 87.2167
759 87.2242
759.5 87.2167
760 87.2167
760.5 87.2167
761 87.2167
761.5 87.2242
762 87.2167
762.5 87.2204
763 87.2242
763.5 87.2204
764 87.2242
764.5 87.2242
765 87.2279
765.5 87.2242
766 87.2242
766.5 87.2279
767 87.2242
767.5 87.2204
768 87.2279
768.5 87.2204
769 87.2204
769.5 87.2279
770 87.2204
770.5 87.2204
771 87.2242
771.5 87.2279
772 87.2242
772.5 87.2242
773 87.2242
773.5 87.2242
774 87.2279
774.5 87.2242
775 87.2279
775.5 87.2279
776 87.2279
776.5 87.2242
777 87.2279
777.5 87.2242
778 87.2242
778.5 87.2242
779 87.2279
779.5 87.2242
780 87.2279
780.5 87.2279
781 87.2279
781.5 87.2242
782 87.2316
782.5 87.2316
783 87.2353
783.5 87.2316
784 87.2279
784.5 87.2279
785 87.2279
785.5 87.2279
786 87.2316
786.5 87.2279
787 87.2316
787.5 87.2279
788 87.2316
788.5 87.2353
789 87.2316
789.5 87.2316
790 87.2353
790.5 87.2316
791 87.2316
791.5 87.2316
792 87.2316
792.5 87.2279
793 87.2353
793.5 87.2279
794 87.2353
794.5 87.2316
795 87.2353
795.5 87.2316
796 87.2353
796.5 87.2353
797 87.2353
797.5 87.2279
798 87.2353
798.5 87.2353
799 87.2353
799.5 87.2353
800 87.2316
800.5 87.2353
801 87.2353
801.5 87.2353
802 87.2353
802.5 87.2391
803 87.2391
803.5 87.2316
804 87.2353
804.5 87.2391
805 87.2391
805.5 87.2391
806 87.2391
806.5 87.2391
807 87.2353
807.5 87.2391
808 87.2316
808.5 87.2316
809 87.2428
809.5 87.2353
810 87.2391
810.5 87.2391
811 87.2391
811.5 87.2391
812 87.2353
812.5 87.2353
813 87.2353
813.5 87.2428
814 87.2391
814.5 87.2353
815 87.2353
815.5 87.2391
816 87.2428
816.5 87.2391
817 87.2353
817.5 87.2391
818 87.2353
818.5 87.2391
819 87.2353
819.5 87.2428
820 87.2428
820.5 87.2391
821 87.2353
821.5 87.2428
822 87.2428
822.5 87.2391
823 87.2353
823.5 87.2391
824 87.2428
824.5 87.2353
825 87.2391
825.5 87.2391
826 87.2353
826.5 87.2465
827 87.2465
827.5 87.2428
828 87.2465
828.5 87.2465
829 87.2428
829.5 87.2353
830 87.2428
830.5 87.2428
831 87.2465
831.5 87.2465
832 87.2428
832.5 87.2465
833 87.2428
833.5 87.2502
834 87.2465
834.5 87.2465
835 87.2465
835.5 87.2465
836 87.2465
836.5 87.2502
837 87.2428
837.5 87.2465
838 87.2465
838.5 87.2465
839 87.2502
839.5 87.2428
840 87.2465
840.5 87.2465
841 87.2428
841.5 87.2465
842 87.2465
842.5 87.2465
843 87.2502
843.5 87.2502
844 87.2502
844.5 87.2502
845 87.2502
845.5 87.2428
846 87.2465
846.5 87.2502
847 87.2577
847.5 87.2577
848 87.2577
848.5 87.2502
849 87.2465
849.5 87.2465
850 87.2465
850.5 87.2465
851 87.2465
851.5 87.2502
852 87.2502
852.5 87.2577
853 87.2465
853.5 87.2502
854 87.2577
854.5 87.2502
855 87.2502
855.5 87.2502
856 87.2465
856.5 87.2465
857 87.2465
857.5 87.2502
858 87.2465
858.5 87.2502
859 87.2502
859.5 87.2502
860 87.2577
860.5 87.2502
861 87.2502
861.5 87.2614
862 87.2614
862.5 87.2502
863 87.2502
863.5 87.2577
864 87.2577
864.5 87.2577
865 87.2502
865.5 87.2614
866 87.2465
866.5 87.2502
867 87.2502
867.5 87.2465
868 87.2502
868.5 87.2502
869 87.2577
869.5 87.2577
870 87.2465
870.5 87.2577
871 87.2577
871.5 87.2614
872 87.2502
872.5 87.2502
873 87.2577
873.5 87.2502
874 87.2502
874.5 87.2614
875 87.2577
875.5 87.2502
876 87.2614
876.5 87.2502
877 87.2577
877.5 87.2614
878 87.2651
878.5 87.2577
879 87.2577
879.5 87.2614
880 87.2502
880.5 87.2614
881 87.2502
881.5 87.2577
882 87.2577
882.5 87.2577
883 87.2614
883.5 87.2614
884 87.2651
884.5 87.2614
885 87.2614
885.5 87.2614
886 87.2577
886.5 87.2614
887 87.2614
887.5 87.2577
888 87.2577
888.5 87.2577
889 87.2502
889.5 87.2577
890 87.2577
890.5 87.2577
891 87.2614
891.5 87.2577
892 87.2577
892.5 87.2614
893 87.2502
893.5 87.2614
894 87.2614
894.5 87.2577
895 87.2651
895.5 87.2614
896 87.2502
896.5 87.2614
897 87.2614
897.5 87.2651
898 87.2577
898.5 87.2614
899 87.2651
899.5 87.2614
900 87.2577
900.5 87.2689
901 87.2651
901.5 87.2614
902 87.2614
902.5 87.2651
903 87.2614
903.5 87.2651
904 87.2651
904.5 87.2689
905 87.2577
905.5 87.2651
906 87.2651
906.5 87.2614
907 87.2651
907.5 87.2651
908 87.2651
908.5 87.2614
909 87.2651
909.5 87.2651
910 87.2651
910.5 87.2651
911 87.2614
911.5 87.2577
912 87.2614
912.5 87.2614
913 87.2651
913.5 87.2614
914 87.2577
914.5 87.2614
915 87.2614
915.5 87.2614
916 87.2577
916.5 87.2614
917 87.2651
917.5 87.2689
918 87.2614
918.5 87.2651
919 87.2651
919.5 87.2651
920 87.2651
920.5 87.2614
921 87.2614
921.5 87.2726
922 87.2651
922.5 87.2651
923 87.2651
923.5 87.2614
924 87.2651
924.5 87.2651
925 87.2651
925.5 87.2651
926 87.2651
926.5 87.2651
927 87.2726
927.5 87.2614
928 87.2651
928.5 87.2651
929 87.2689
929.5 87.2651
930 87.2689
930.5 87.2614
931 87.2651
931.5 87.2689
932 87.2689
932.5 87.2689
933 87.2651
933.5 87.2689
934 87.2651
934.5 87.2651
935 87.2651
935.5 87.2689
936 87.2689
936.5 87.2689
937 87.2651
937.5 87.2651
938 87.2689
938.5 87.2689
939 87.2689
939.5 87.2689
940 87.2689
940.5 87.2689
941 87.7159
941.5 87.2651
942 87.2689
942.5 87.2726
943 87.4179
943.5 87.2726
944 87.2726
944.5 87.2651
945 87.2689
945.5 87.2651
946 87.2726
946.5 87.2726
947 87.2689
947.5 87.2614
948 87.2651
948.5 87.2689
949 87.2689
949.5 87.2689
950 87.2689
950.5 87.2689
951 87.2726
951.5 87.2726
952 87.2689
952.5 87.2689
953 87.2689
953.5 87.2689
954 87.2689
954.5 87.2689
955 87.2726
955.5 87.2726
956 87.2726
956.5 87.2726
957 87.2689
957.5 87.2689
958 87.2726
958.5 87.2689
959 87.2689
959.5 87.2689
960 87.2689
960.5 87.2689
961 87.2651
961.5 87.2651
962 87.2614
962.5 87.2689
963 87.2726
963.5 87.2689
964 87.2689
964.5 87.2726
965 87.2763
965.5 87.2726
966 87.2726
966.5 87.2689
967 87.2689
967.5 87.2726
968 87.2726
968.5 87.2651
969 87.2689
969.5 87.2689
970 87.2689
970.5 87.2689
971 87.2689
971.5 87.2689
972 87.2726
972.5 87.2763
973 87.3173
973.5 87.2651
974 87.2651
974.5 87.2726
975 87.2726
975.5 87.2726
976 87.2763
976.5 87.2726
977 87.2689
977.5 87.2689
978 87.2651
978.5 87.2689
979 87.2726
979.5 87.2726
980 87.2726
980.5 87.2726
981 87.2726
981.5 87.28
982 87.2763
982.5 87.2689
983 87.2726
983.5 87.2726
984 87.2726
984.5 87.2726
985 87.2875
985.5 87.2726
986 87.2726
986.5 87.28
987 87.2689
987.5 87.2726
988 87.2726
988.5 87.2763
989 87.2763
989.5 87.2726
990 87.2689
990.5 87.2726
991 87.2689
991.5 87.2689
992 87.2726
992.5 87.2763
993 87.2689
993.5 87.28
994 87.2763
994.5 87.2726
995 87.2651
995.5 87.2763
996 87.2726
996.5 87.2726
997 87.2726
997.5 87.2689
998 87.2726
998.5 87.2651
999 87.2726
999.5 87.2763
1000 87.2763
1000.5 87.2726
1001 87.2763
1001.5 87.2689
1002 87.2726
1002.5 87.2726
1003 87.2726
1003.5 87.28
1004 87.2726
1004.5 87.2689
1005 87.2689
1005.5 87.2689
1006 87.2763
1006.5 87.2726
1007 87.2726
1007.5 87.2763
1008 87.2763
1008.5 87.2726
1009 87.2763
1009.5 87.2689
1010 87.2763
1010.5 87.2763
1011 87.2726
1011.5 87.2726
1012 87.2726
1012.5 87.2726
1013 87.2726
1013.5 87.2763
1014 87.2726
1014.5 87.2726
1015 87.2726
1015.5 87.2689
1016 87.2763
1016.5 87.2726
1017 87.2763
1017.5 87.2763
1018 87.2763
1018.5 87.28
1019 87.2763
1019.5 87.2651
1020 87.2689
1020.5 87.2689
1021 87.2726
1021.5 87.28
1022 87.2763
1022.5 87.2875
1023 87.3247
1023.5 87.2726
1024 87.2726
1024.5 87.2763
1025 87.28
1025.5 87.2763
1026 87.28
1026.5 87.28
1027 87.28
1027.5 87.2763
1028 87.28
1028.5 87.2763
1029 87.2763
1029.5 87.28
1030 87.2763
1030.5 87.2763
1031 87.2726
1031.5 87.2689
1032 87.2726
1032.5 87.2763
1033 87.2949
1033.5 87.2763
1034 87.2949
1034.5 87.2875
1035 87.2838
1035.5 87.2763
1036 87.2763
1036.5 87.28
1037 87.2763
1037.5 87.2763
1038 87.2689
1038.5 87.2726
1039 87.2763
1039.5 87.2763
1040 87.2726
1040.5 87.2726
1041 87.2763
1041.5 87.3024
1042 87.2838
1042.5 87.2763
1043 87.2726
1043.5 87.2726
1044 87.2763
1044.5 87.28
1045 87.2763
1045.5 87.2726
1046 87.2726
1046.5 87.2763
1047 87.2689
1047.5 87.2763
1048 87.28
1048.5 87.2726
1049 87.2763
1049.5 87.28
1050 87.2763
1050.5 87.2763
1051 87.28
1051.5 87.2912
1052 87.2726
1052.5 87.2763
1053 87.2726
1053.5 87.28
1054 87.2726
1054.5 87.28
1055 87.2726
1055.5 87.2763
1056 87.2763
1056.5 87.2689
1057 87.2763
1057.5 87.2763
1058 87.2763
1058.5 87.2763
1059 87.28
1059.5 87.2763
1060 87.2763
1060.5 87.2726
1061 87.2726
1061.5 87.28
1062 87.28
1062.5 87.28
1063 87.2763
1063.5 87.2763
1064 87.2763
1064.5 87.2763
1065 87.2763
1065.5 87.28
1066 87.2763
1066.5 87.2726
1067 87.2689
1067.5 87.2763
1068 87.2689
1068.5 87.28
1069 87.2763
1069.5 87.2726
1070 87.2726
1070.5 87.28
1071 87.2763
1071.5 87.2726
1072 87.2763
1072.5 87.28
1073 87.28
1073.5 87.2763
1074 87.28
1074.5 87.28
1075 87.2726
1075.5 87.2726
1076 87.2763
1076.5 87.2763
1077 87.2763
1077.5 87.2763
1078 87.2763
1078.5 87.2726
1079 87.2763
1079.5 87.28
1080 87.2763
1080.5 87.2763
1081 87.28
1081.5 87.28
1082 87.2763
1082.5 87.2763
1083 87.28
1083.5 87.28
1084 87.2838
1084.5 87.2838
1085 87.28
1085.5 87.2763
1086 87.2763
1086.5 87.2838
1087 87.28
1087.5 87.28
1088 87.28
1088.5 87.28
1089 87.28
1089.5 87.28
1090 87.28
1090.5 87.2838
1091 87.2763
1091.5 87.28
1092 87.2838
1092.5 87.2838
1093 87.28
1093.5 87.28
1094 87.2838
1094.5 87.2763
1095 87.28
1095.5 87.2726
1096 87.2763
1096.5 87.28
1097 87.2838
1097.5 87.2838
1098 87.28
1098.5 87.28
1099 87.2763
1099.5 87.28
1100 87.2875
1100.5 87.28
1101 87.2763
1101.5 87.28
1102 87.2763
1102.5 87.28
1103 87.2726
1103.5 87.2763
1104 87.28
1104.5 87.2763
1105 87.2763
1105.5 87.2838
1106 87.2763
1106.5 87.28
1107 87.28
1107.5 87.2763
1108 87.2763
1108.5 87.28
1109 87.2726
1109.5 87.2838
1110 87.2763
1110.5 87.2763
1111 87.2763
1111.5 87.2763
1112 87.2763
1112.5 87.28
1113 87.28
1113.5 87.28
1114 87.2763
1114.5 87.2763
1115 87.2838
1115.5 87.2763
1116 87.28
1116.5 87.2763
1117 87.2838
1117.5 87.28
1118 87.28
1118.5 87.28
1119 87.2763
1119.5 87.28
1120 87.2838
1120.5 87.28
1121 87.2763
1121.5 87.28
1122 87.2763
1122.5 87.2763
1123 87.2838
1123.5 87.2763
1124 87.2763
1124.5 87.28
1125 87.28
1125.5 87.2763
1126 87.28
1126.5 87.28
1127 87.2763
1127.5 87.28
1128 87.2838
1128.5 87.28
1129 87.2763
1129.5 87.28
1130 87.28
1130.5 87.2763
1131 87.2763
1131.5 87.2838
1132 87.2763
1132.5 87.28
1133 87.2875
1133.5 87.28
1134 87.2838
1134.5 87.28
1135 87.28
1135.5 87.28
1136 87.2763
1136.5 87.28
1137 87.2726
1137.5 87.28
1138 87.28
1138.5 87.28
1139 87.28
1139.5 87.28
1140 87.2763
1140.5 87.2726
1141 87.2689
1141.5 87.28
1142 87.28
1142.5 87.28
1143 87.28
1143.5 87.28
1144 87.2838
1144.5 87.28
1145 87.2763
1145.5 87.2763
1146 87.28
1146.5 87.28
1147 87.28
1147.5 87.2838
1148 87.2838
1148.5 87.28
1149 87.28
1149.5 87.28
1150 87.28
1150.5 87.2875
1151 87.2838
1151.5 87.2763
1152 87.28
1152.5 87.28
1153 87.28
1153.5 87.2838
1154 87.2763
1154.5 87.2763
1155 87.2726
1155.5 87.2763
1156 87.2838
1156.5 87.28
1157 87.28
1157.5 87.2838
1158 87.2763
1158.5 87.2763
1159 87.2763
1159.5 87.28
1160 87.28
1160.5 87.28
1161 87.28
1161.5 87.28
1162 87.28
1162.5 87.28
1163 87.28
1163.5 87.2763
1164 87.2763
1164.5 87.2763
1165 87.2763
1165.5 87.2763
1166 87.2726
1166.5 87.28
1167 87.28
1167.5 87.2838
1168 87.28
1168.5 87.28
1169 87.2838
1169.5 87.28
1170 87.2726
1170.5 87.28
1171 87.28
1171.5 87.28
1172 87.28
1172.5 87.28
1173 87.2838
1173.5 87.28
1174 87.28
1174.5 87.2838
1175 87.28
1175.5 87.2838
1176 87.28
1176.5 87.2838
1177 87.28
1177.5 87.2838
1178 87.28
1178.5 87.28
1179 87.2763
1179.5 87.2838
1180 87.2763
1180.5 87.28
1181 87.2838
1181.5 87.28
1182 87.28
1182.5 87.28
1183 87.28
1183.5 87.2912
1184 87.2838
1184.5 87.28
1185 87.2838
1185.5 87.2763
1186 87.2838
1186.5 87.2763
1187 87.2838
1187.5 87.2875
1188 87.28
1188.5 87.28
1189 87.2763
1189.5 87.2726
1190 87.2763
1190.5 87.28
1191 87.28
1191.5 87.2763
1192 87.28
1192.5 87.2875
1193 87.28
1193.5 87.28
1194 87.2763
1194.5 87.28
1195 87.2763
1195.5 87.28
1196 87.28
1196.5 87.28
1197 87.28
1197.5 87.28
1198 87.2838
1198.5 87.2838
1199 87.2763
1199.5 87.28
1200 87.2875
1200.5 87.2763
1201 87.28
1201.5 87.2838
1202 87.2763
1202.5 87.2838
1203 87.2838
1203.5 87.28
1204 87.2838
1204.5 87.2838
1205 87.2838
1205.5 87.28
1206 87.28
1206.5 87.28
1207 87.28
1207.5 87.28
1208 87.2763
1208.5 87.2763
1209 87.2875
1209.5 87.28
1210 87.28
1210.5 87.28
1211 87.2875
1211.5 87.2763
1212 87.28
1212.5 87.28
1213 87.2838
1213.5 87.28
1214 87.2875
1214.5 87.2838
1215 87.28
1215.5 87.28
1216 87.28
1216.5 87.28
1217 87.28
1217.5 87.28
1218 87.2838
1218.5 87.28
1219 87.28
1219.5 87.2838
1220 87.28
1220.5 87.2838
1221 87.2838
1221.5 87.28
1222 87.2838
1222.5 87.2838
1223 87.2838
1223.5 87.2838
1224 87.28
1224.5 87.2763
1225 87.28
1225.5 87.2838
1226 87.28
1226.5 87.28
1227 87.2763
1227.5 87.28
1228 87.2838
1228.5 87.2838
1229 87.2763
1229.5 87.28
1230 87.2838
1230.5 87.2875
1231 87.2838
1231.5 87.2838
1232 87.28
1232.5 87.2875
1233 87.28
1233.5 87.28
1234 87.2838
1234.5 87.2838
1235 87.28
1235.5 87.28
1236 87.2763
1236.5 87.2763
1237 87.28
1237.5 87.2875
1238 87.2875
1238.5 87.2838
1239 87.2838
1239.5 87.2838
1240 87.2838
1240.5 87.28
1241 87.28
1241.5 87.2838
1242 87.2763
1242.5 87.2838
1243 87.2838
1243.5 87.2875
1244 87.28
1244.5 87.2875
1245 87.2763
1245.5 87.2875
1246 87.28
1246.5 87.2838
1247 87.28
1247.5 87.28
1248 87.28
1248.5 87.2838
1249 87.2838
1249.5 87.2838
1250 87.28
1250.5 87.2838
1251 87.2763
1251.5 87.28
1252 87.2838
1252.5 87.28
1253 87.28
1253.5 87.2838
1254 87.2838
1254.5 87.2875
1255 87.2838
1255.5 87.2838
1256 87.28
1256.5 87.2838
1257 87.2838
1257.5 87.28
1258 87.28
1258.5 87.2838
1259 87.28
1259.5 87.2838
1260 87.2838
1260.5 87.2763
1261 87.2838
1261.5 87.28
1262 87.2838
1262.5 87.28
1263 87.28
1263.5 87.2763
1264 87.2838
1264.5 87.28
1265 87.28
1265.5 87.2763
1266 87.2838
1266.5 87.28
1267 87.2838
1267.5 87.2838
1268 87.2763
1268.5 87.2875
1269 87.28
1269.5 87.28
1270 87.2838
1270.5 87.28
1271 87.28
1271.5 87.2838
1272 87.2838
1272.5 87.2875
1273 87.2838
1273.5 87.2838
1274 87.2875
1274.5 87.28
1275 87.28
1275.5 87.28
1276 87.28
1276.5 87.2763
1277 87.2838
1277.5 87.28
1278 87.28
1278.5 87.28
1279 87.28
1279.5 87.28
1280 87.28
1280.5 87.2763
1281 87.2875
1281.5 87.2838
1282 87.28
1282.5 87.28
1283 87.2838
1283.5 87.2838
1284 87.28
1284.5 87.2838
1285 87.28
1285.5 87.2838
1286 87.2763
1286.5 87.2838
1287 87.28
1287.5 87.28
1288 87.28
1288.5 87.2763
1289 87.2763
1289.5 87.2838
1290 87.2726
1290.5 87.28
1291 87.28
1291.5 87.28
1292 87.28
1292.5 87.28
1293 87.2838
1293.5 87.2763
1294 87.2763
1294.5 87.2838
1295 87.28
1295.5 87.2763
1296 87.28
1296.5 87.28
1297 87.28
1297.5 87.28
1298 87.28
1298.5 87.28
1299 87.2726
1299.5 87.28
1300 87.28
1300.5 87.2763
1301 87.2763
1301.5 87.28
1302 87.2763
1302.5 87.28
1303 87.28
1303.5 87.28
1304 87.28
1304.5 87.2838
1305 87.28
1305.5 87.2875
1306 87.2838
1306.5 87.2838
1307 87.28
1307.5 87.2838
1308 87.28
1308.5 87.2838
1309 87.28
1309.5 87.28
1310 87.2838
1310.5 87.2763
1311 87.2763
1311.5 87.2763
1312 87.28
1312.5 87.28
1313 87.2838
1313.5 87.2763
1314 87.28
1314.5 87.28
1315 87.28
1315.5 87.28
1316 87.2838
1316.5 87.2763
1317 87.28
1317.5 87.2763
1318 87.2838
1318.5 87.28
1319 87.28
1319.5 87.2838
1320 87.28
1320.5 87.2763
1321 87.2875
1321.5 87.28
1322 87.28
1322.5 87.28
1323 87.2763
1323.5 87.28
1324 87.28
1324.5 87.2763
1325 87.2838
1325.5 87.2838
1326 87.28
1326.5 87.28
1327 87.2838
1327.5 87.2838
1328 87.28
1328.5 87.2838
1329 87.2763
1329.5 87.2763
1330 87.28
1330.5 87.2763
1331 87.2838
1331.5 87.2763
1332 87.2875
1332.5 87.2838
1333 87.2838
1333.5 87.2763
1334 87.28
1334.5 87.2763
1335 87.2763
1335.5 87.2875
1336 87.28
1336.5 87.2763
1337 87.28
1337.5 87.28
1338 87.2763
1338.5 87.2838
1339 87.2838
1339.5 87.28
1340 87.2763
1340.5 87.2838
1341 87.2838
1341.5 87.28
1342 87.2838
1342.5 87.2763
1343 87.2838
1343.5 87.28
1344 87.2838
1344.5 87.2763
1345 87.2838
1345.5 87.2875
1346 87.2763
1346.5 87.2838
1347 87.28
1347.5 87.28
1348 87.28
1348.5 87.2838
1349 87.28
1349.5 87.28
1350 87.2875
1350.5 87.28
1351 87.2763
1351.5 87.28
1352 87.2838
1352.5 87.28
1353 87.2763
1353.5 87.2838
1354 87.2763
1354.5 87.28
1355 87.2763
1355.5 87.2838
1356 87.28
1356.5 87.2726
1357 87.2838
1357.5 87.28
1358 87.28
1358.5 87.2838
1359 87.28
1359.5 87.28
1360 87.2875
1360.5 87.2875
1361 87.2763
1361.5 87.3061
1362 87.28
1362.5 87.2838
1363 87.2949
1363.5 87.28
1364 87.3732
1364.5 87.28
1365 87.28
1365.5 87.28
1366 87.2838
1366.5 87.28
1367 87.2838
1367.5 87.28
1368 87.2763
1368.5 87.28
1369 87.28
1369.5 87.28
1370 87.28
1370.5 87.28
1371 87.28
1371.5 87.28
1372 87.2838
1372.5 87.28
1373 87.2838
1373.5 87.2763
1374 87.2763
1374.5 87.28
1375 87.28
1375.5 87.2726
1376 87.2838
1376.5 87.2763
1377 87.28
1377.5 87.2763
1378 87.28
1378.5 87.2838
1379 87.28
1379.5 87.2838
1380 87.28
1380.5 87.2726
1381 87.28
1381.5 87.28
1382 87.2763
1382.5 87.28
1383 87.2838
1383.5 87.28
1384 87.28
1384.5 87.28
1385 87.28
1385.5 87.28
1386 87.28
1386.5 87.2838
1387 87.28
1387.5 87.2763
1388 87.28
1388.5 87.28
1389 87.2763
1389.5 87.2838
1390 87.28
1390.5 87.2838
1391 87.28
1391.5 87.28
1392 87.2838
1392.5 87.28
1393 87.28
1393.5 87.2838
1394 87.28
1394.5 87.2838
1395 87.28
1395.5 87.28
1396 87.2763
1396.5 87.28
1397 87.2763
1397.5 87.2763
1398 87.2763
1398.5 87.28
1399 87.2763
1399.5 87.2838
1400 87.2838
1400.5 87.2763
1401 87.2838
1401.5 87.2763
1402 87.2838
1402.5 87.2838
1403 87.2763
1403.5 87.2838
1404 87.2763
1404.5 87.2763
1405 87.28
1405.5 87.28
1406 87.28
1406.5 87.2838
1407 87.2763
1407.5 87.2763
1408 87.28
1408.5 87.2726
1409 87.28
1409.5 87.2763
1410 87.2763
1410.5 87.28
1411 87.2763
1411.5 87.2763
1412 87.28
1412.5 87.28
1413 87.28
1413.5 87.28
1414 87.28
1414.5 87.2763
1415 87.2763
1415.5 87.28
1416 87.28
1416.5 87.28
1417 87.28
1417.5 87.28
1418 87.2726
1418.5 87.2763
1419 87.28
1419.5 87.2726
1420 87.2763
1420.5 87.2838
1421 87.2875
1421.5 87.2763
1422 87.28
1422.5 87.2763
1423 87.2763
1423.5 87.2763
1424 87.28
1424.5 87.28
1425 87.2726
1425.5 87.2838
1426 87.2726
1426.5 87.28
1427 87.2763
1427.5 87.28
1428 87.28
1428.5 87.28
1429 87.2763
1429.5 87.28
1430 87.28
1430.5 87.2726
1431 87.28
1431.5 87.28
1432 87.2726
1432.5 87.28
1433 87.28
1433.5 87.28
1434 87.2763
1434.5 87.2763
1435 87.2838
1435.5 87.2838
1436 87.28
1436.5 87.28
1437 87.2763
1437.5 87.2763
1438 87.2763
1438.5 87.2726
1439 87.2763
1439.5 87.2763
1440 87.28
1440.5 87.2763
1441 87.28
1441.5 87.28
1442 87.28
1442.5 87.28
1443 87.2875
1443.5 87.28
1444 87.28
1444.5 87.2763
1445 87.2763
1445.5 87.2838
1446 87.28
1446.5 87.2763
1447 87.28
1447.5 87.2763
1448 87.2763
1448.5 87.2726
1449 87.2726
1449.5 87.2763
1450 87.2763
1450.5 87.2763
1451 87.28
1451.5 87.2726
1452 87.2763
1452.5 87.2838
1453 87.2838
1453.5 87.2763
1454 87.2838
1454.5 87.2726
1455 87.2763
1455.5 87.2763
1456 87.28
1456.5 87.2726
1457 87.2763
1457.5 87.2838
1458 87.2763
1458.5 87.28
1459 87.2763
1459.5 87.28
1460 87.2763
1460.5 87.28
1461 87.2838
1461.5 87.2763
1462 87.2763
1462.5 87.2726
1463 87.28
1463.5 87.2763
1464 87.2763
1464.5 87.2763
1465 87.2726
1465.5 87.28
1466 87.28
1466.5 87.2763
1467 87.2726
1467.5 87.28
1468 87.2763
1468.5 87.28
1469 87.2763
1469.5 87.2763
1470 87.28
1470.5 87.28
1471 87.28
1471.5 87.28
1472 87.2763
1472.5 87.28
1473 87.2763
1473.5 87.28
1474 87.2763
1474.5 87.28
1475 87.2726
1475.5 87.28
1476 87.28
1476.5 87.2763
1477 87.2726
1477.5 87.28
1478 87.2726
1478.5 87.28
1479 87.28
1479.5 87.28
1480 87.28
1480.5 87.2763
1481 87.28
1481.5 87.2726
1482 87.28
1482.5 87.2763
1483 87.28
1483.5 87.2763
1484 87.2763
1484.5 87.28
1485 87.28
1485.5 87.2838
1486 87.28
1486.5 87.28
1487 87.2763
1487.5 87.3024
1488 87.28
1488.5 87.28
1489 87.2763
1489.5 87.2838
1490 87.2763
1490.5 87.28
1491 87.2838
1491.5 87.2763
1492 87.2838
1492.5 87.28
1493 87.2726
1493.5 87.2912
1494 87.28
1494.5 87.2763
1495 87.2875
1495.5 87.28
1496 87.2838
1496.5 87.28
1497 87.2838
1497.5 87.2838
1498 87.2838
1498.5 87.28
1499 87.28
1499.5 87.28
1500 87.2838
1500.5 87.2763
1501 87.2838
1501.5 87.28
1502 87.2838
1502.5 87.28
1503 87.2763
1503.5 87.2726
1504 87.2726
1504.5 87.2763
1505 87.2763
1505.5 87.28
1506 87.2763
1506.5 87.2763
1507 87.2763
1507.5 87.2763
1508 87.28
1508.5 87.2763
1509 87.2763
1509.5 87.2763
1510 87.2763
1510.5 87.2763
1511 87.2763
1511.5 87.2763
1512 87.28
1512.5 87.2763
1513 87.28
1513.5 87.2763
1514 87.28
1514.5 87.2763
1515 87.2763
1515.5 87.2763
1516 87.2763
1516.5 87.2763
1517 87.2763
1517.5 87.2763
1518 87.2763
1518.5 87.28
1519 87.2763
1519.5 87.2763
1520 87.2763
1520.5 87.2763
1521 87.2689
1521.5 87.2726
1522 87.2763
1522.5 87.28
1523 87.2726
1523.5 87.2726
1524 87.2763
1524.5 87.2726
1525 87.2726
1525.5 87.2763
1526 87.2726
1526.5 87.2726
1527 87.28
1527.5 87.2763
1528 87.2763
1528.5 87.2726
1529 87.2763
1529.5 87.2763
1530 87.2726
1530.5 87.28
1531 87.2726
1531.5 87.2763
1532 87.2763
1532.5 87.2763
1533 87.2763
1533.5 87.2763
1534 87.28
1534.5 87.28
1535 87.2763
1535.5 87.2763
1536 87.2875
1536.5 87.28
1537 87.2726
1537.5 87.28
1538 87.2763
1538.5 87.2763
1539 87.28
1539.5 87.28
1540 87.2763
1540.5 87.28
1541 87.2763
1541.5 87.2763
1542 87.2875
1542.5 87.2763
1543 87.2726
1543.5 87.28
1544 87.2763
1544.5 87.2838
1545 87.2763
1545.5 87.2726
1546 87.28
1546.5 87.2763
1547 87.2763
1547.5 87.28
1548 87.2726
1548.5 87.28
1549 87.2726
1549.5 87.2763
1550 87.28
1550.5 87.2763
1551 87.2763
1551.5 87.2763
1552 87.2763
1552.5 87.2838
1553 87.28
1553.5 87.2689
1554 87.2726
1554.5 87.2689
1555 87.2763
1555.5 87.2838
1556 87.2763
1556.5 87.2763
1557 87.2726
1557.5 87.28
1558 87.2763
1558.5 87.2763
1559 87.2726
1559.5 87.2726
1560 87.2763
1560.5 87.2838
1561 87.28
1561.5 87.2763
1562 87.2763
1562.5 87.28
1563 87.28
1563.5 87.2763
1564 87.2763
1564.5 87.28
1565 87.2838
1565.5 87.28
1566 87.2763
1566.5 87.2763
1567 87.28
1567.5 87.28
1568 87.28
1568.5 87.28
1569 87.28
1569.5 87.2726
1570 87.28
1570.5 87.2726
1571 87.2726
1571.5 87.2726
1572 87.28
1572.5 87.2763
1573 87.2763
1573.5 87.2763
1574 87.2726
1574.5 87.2726
1575 87.28
1575.5 87.2726
1576 87.2726
1576.5 87.2763
1577 87.28
1577.5 87.28
1578 87.2763
1578.5 87.28
1579 87.2726
1579.5 87.2726
1580 87.2763
1580.5 87.2763
1581 87.2689
1581.5 87.28
1582 87.2726
1582.5 87.28
1583 87.2763
1583.5 87.2763
1584 87.28
1584.5 87.2763
1585 87.2726
1585.5 87.2763
1586 87.2763
1586.5 87.2763
1587 87.28
1587.5 87.2726
1588 87.2763
1588.5 87.2726
1589 87.28
1589.5 87.2763
1590 87.2763
1590.5 87.2726
1591 87.2689
1591.5 87.2726
1592 87.28
1592.5 87.2726
1593 87.2763
1593.5 87.2763
1594 87.2763
1594.5 87.2726
1595 87.2726
1595.5 87.2763
1596 87.2726
1596.5 87.28
1597 87.28
1597.5 87.28
1598 87.28
1598.5 87.2763
1599 87.2763
1599.5 87.2726
1600 87.2763
1600.5 87.2763
1601 87.28
1601.5 87.28
1602 87.2763
1602.5 87.2689
1603 87.2763
1603.5 87.28
1604 87.2763
1604.5 87.28
1605 87.2763
1605.5 87.2726
1606 87.2763
1606.5 87.28
1607 87.28
1607.5 87.2726
1608 87.2763
1608.5 87.28
1609 87.2763
1609.5 87.2763
1610 87.2763
1610.5 87.28
1611 87.2763
1611.5 87.2763
1612 87.2726
1612.5 87.2763
1613 87.2763
1613.5 87.2763
1614 87.2726
1614.5 87.2726
1615 87.2726
1615.5 87.2763
1616 87.2763
1616.5 87.2763
1617 87.28
1617.5 87.2726
1618 87.2763
1618.5 87.2726
1619 87.2763
1619.5 87.2763
1620 87.2763
1620.5 87.2763
1621 87.2763
1621.5 87.2763
1622 87.2763
1622.5 87.28
1623 87.28
1623.5 87.2838
1624 87.28
1624.5 87.2838
1625 87.2763
1625.5 87.2763
1626 87.2763
1626.5 87.2838
1627 87.2726
1627.5 87.2763
1628 87.28
1628.5 87.2838
1629 87.28
1629.5 87.2763
1630 87.2763
1630.5 87.2726
1631 87.28
1631.5 87.2763
1632 87.2763
1632.5 87.28
1633 87.2763
1633.5 87.2763
1634 87.2726
1634.5 87.2763
1635 87.28
1635.5 87.2726
1636 87.2763
1636.5 87.28
1637 87.28
1637.5 87.2763
1638 87.2726
1638.5 87.2763
1639 87.28
1639.5 87.2763
1640 87.28
1640.5 87.2763
1641 87.28
1641.5 87.2726
1642 87.28
1642.5 87.2689
1643 87.2763
1643.5 87.2763
1644 87.2726
1644.5 87.28
1645 87.2763
1645.5 87.2763
1646 87.2763
1646.5 87.2763
1647 87.2763
1647.5 87.2763
1648 87.2763
1648.5 87.2689
1649 87.2763
1649.5 87.28
1650 87.2726
1650.5 87.2763
1651 87.2763
1651.5 87.2689
1652 87.2763
1652.5 87.2726
1653 87.2689
1653.5 87.2763
1654 87.2763
1654.5 87.2763
1655 87.2763
1655.5 87.2763
1656 87.2763
1656.5 87.2763
1657 87.2689
1657.5 87.2763
1658 87.28
1658.5 87.28
1659 87.2763
1659.5 87.2763
1660 87.2763
1660.5 87.2726
1661 87.28
1661.5 87.2763
1662 87.2763
1662.5 87.2763
1663 87.2726
1663.5 87.28
1664 87.2763
1664.5 87.2838
1665 87.2726
1665.5 87.28
1666 87.2763
1666.5 87.28
1667 87.2763
1667.5 87.2763
1668 87.2763
1668.5 87.2726
1669 87.2726
1669.5 87.28
1670 87.2763
1670.5 87.28
1671 87.2726
1671.5 87.2763
1672 87.2726
1672.5 87.2726
1673 87.2726
1673.5 87.2726
1674 87.28
1674.5 87.2726
1675 87.2763
1675.5 87.2726
1676 87.2763
1676.5 87.2838
1677 87.2763
1677.5 87.2763
1678 87.2726
1678.5 87.2763
1679 87.28
1679.5 87.2763
1680 87.2726
1680.5 87.2763
1681 87.2726
1681.5 87.28
1682 87.2726
1682.5 87.2726
1683 87.2763
1683.5 87.2763
1684 87.2726
1684.5 87.28
1685 87.2763
1685.5 87.2763
1686 87.2689
1686.5 87.2763
1687 87.2763
1687.5 87.2726
1688 87.2763
1688.5 87.2726
1689 87.2763
1689.5 87.2726
1690 87.2763
1690.5 87.2726
1691 87.2726
1691.5 87.2763
1692 87.28
1692.5 87.28
1693 87.28
1693.5 87.2763
1694 87.28
1694.5 87.2726
1695 87.2726
1695.5 87.2763
1696 87.28
1696.5 87.2689
1697 87.2726
1697.5 87.28
1698 87.2763
1698.5 87.2763
1699 87.2726
1699.5 87.2763
1700 87.28
1700.5 87.2726
1701 87.2763
1701.5 87.2763
1702 87.2726
1702.5 87.2726
1703 87.2763
1703.5 87.2726
1704 87.2763
1704.5 87.2763
1705 87.2763
1705.5 87.2763
1706 87.2763
1706.5 87.2763
1707 87.2763
1707.5 87.2763
1708 87.2763
1708.5 87.2726
1709 87.2763
1709.5 87.2763
1710 87.2763
1710.5 87.28
1711 87.2763
1711.5 87.2763
1712 87.2838
1712.5 87.2689
1713 87.28
1713.5 87.2726
1714 87.2726
1714.5 87.28
1715 87.28
1715.5 87.2726
1716 87.2763
1716.5 87.2689
1717 87.2763
1717.5 87.2726
1718 87.2763
1718.5 87.2763
1719 87.28
1719.5 87.2763
1720 87.2726
1720.5 87.28
1721 87.28
1721.5 87.28
1722 87.2763
1722.5 87.2763
1723 87.2726
1723.5 87.2763
1724 87.2763
1724.5 87.28
1725 87.2726
1725.5 87.2689
1726 87.2763
1726.5 87.2838
1727 87.2763
1727.5 87.2726
1728 87.2763
1728.5 87.2763
1729 87.2689
1729.5 87.2726
1730 87.2726
1730.5 87.2763
1731 87.2763
1731.5 87.2726
1732 87.2763
1732.5 87.2763
1733 87.2763
1733.5 87.2763
1734 87.2763
1734.5 87.2763
1735 87.2763
1735.5 87.2763
1736 87.28
1736.5 87.28
1737 87.28
1737.5 87.28
1738 87.28
1738.5 87.28
1739 87.2763
1739.5 87.2763
1740 87.28
1740.5 87.2726
1741 87.2763
1741.5 87.2763
1742 87.2763
1742.5 87.2838
1743 87.28
1743.5 87.28
1744 87.28
1744.5 87.2763
1745 87.2763
1745.5 87.2763
1746 87.2763
1746.5 87.2763
1747 87.2763
1747.5 87.2726
1748 87.28
1748.5 87.2763
1749 87.28
1749.5 87.2763
1750 87.28
1750.5 87.28
1751 87.28
1751.5 87.2763
1752 87.2763
1752.5 87.2763
1753 87.2726
1753.5 87.28
1754 87.2763
1754.5 87.2949
1755 87.28
1755.5 87.2726
1756 87.28
1756.5 87.2763
1757 87.28
1757.5 87.28
1758 87.2726
1758.5 87.2726
1759 87.2726
1759.5 87.2726
1760 87.2763
1760.5 87.2763
1761 87.28
1761.5 87.2726
1762 87.2763
1762.5 87.2726
1763 87.2726
1763.5 87.2763
1764 87.28
1764.5 87.2763
1765 87.2689
1765.5 87.2763
1766 87.2763
1766.5 87.2763
1767 87.2763
1767.5 87.2763
1768 87.2763
1768.5 87.2763
1769 87.2838
1769.5 87.2763
1770 87.28
1770.5 87.2763
1771 87.2763
1771.5 87.2763
1772 87.2838
1772.5 87.2726
1773 87.28
1773.5 87.2726
1774 87.2763
1774.5 87.2726
1775 87.28
1775.5 87.28
1776 87.2763
1776.5 87.2726
1777 87.28
1777.5 87.2726
1778 87.2838
1778.5 87.28
1779 87.28
1779.5 87.28
1780 87.2726
1780.5 87.2763
1781 87.28
1781.5 87.28
1782 87.2763
1782.5 87.2838
1783 87.2763
1783.5 87.2763
1784 87.2763
1784.5 87.28
1785 87.2763
1785.5 87.2763
1786 87.2763
1786.5 87.28
1787 87.2763
1787.5 87.28
1788 87.2763
1788.5 87.2763
1789 87.28
1789.5 87.2763
1790 87.28
1790.5 87.2763
1791 87.2763
1791.5 87.2763
1792 87.28
1792.5 87.2763
1793 87.2763
1793.5 87.2763
1794 87.28
1794.5 87.2763
1795 87.2726
1795.5 87.28
1796 87.2726
1796.5 87.2763
1797 87.28
1797.5 87.2763
1798 87.28
1798.5 87.2726
1799 87.2763
1799.5 87.2726
1800 87.2726
1800.5 87.2726
1801 87.2726
1801.5 87.2689
1802 87.2763
1802.5 87.28
1803 87.2763
1803.5 87.2763
1804 87.2763
1804.5 87.2726
1805 87.2763
1805.5 87.2726
1806 87.2763
1806.5 87.28
1807 87.2726
1807.5 87.2726
1808 87.2838
1808.5 87.2726
1809 87.2763
1809.5 87.28
1810 87.2726
1810.5 87.2726
1811 87.2726
1811.5 87.2763
1812 87.2763
1812.5 87.2763
1813 87.2838
1813.5 87.28
1814 87.28
1814.5 87.2763
1815 87.2763
1815.5 87.2763
1816 87.28
1816.5 87.28
1817 87.28
1817.5 87.28
1818 87.28
1818.5 87.2763
1819 87.2726
1819.5 87.2763
1820 87.2726
1820.5 87.2726
1821 87.2763
1821.5 87.2726
1822 87.2726
1822.5 87.2763
1823 87.2689
1823.5 87.2689
1824 87.2689
1824.5 87.2763
1825 87.2726
1825.5 87.2726
1826 87.2726
1826.5 87.28
1827 87.2689
1827.5 87.2763
1828 87.2726
1828.5 87.2726
1829 87.2689
1829.5 87.2763
1830 87.2763
1830.5 87.2763
1831 87.2763
1831.5 87.2726
1832 87.2763
1832.5 87.28
1833 87.2763
1833.5 87.2726
1834 87.2726
1834.5 87.2726
1835 87.2726
1835.5 87.2726
1836 87.2763
1836.5 87.2726
1837 87.28
1837.5 87.2763
1838 87.2763
1838.5 87.2763
1839 87.2726
1839.5 87.2689
1840 87.2763
1840.5 87.2726
1841 87.2763
1841.5 87.2726
1842 87.2763
1842.5 87.28
1843 87.2763
1843.5 87.2763
1844 87.2763
1844.5 87.2689
1845 87.28
1845.5 87.2726
1846 87.2763
1846.5 87.2726
1847 87.2689
1847.5 87.2763
1848 87.2726
1848.5 87.2726
1849 87.2726
1849.5 87.28
1850 87.2726
1850.5 87.2726
1851 87.2763
1851.5 87.2726
1852 87.28
1852.5 87.2726
1853 87.2763
1853.5 87.2689
1854 87.2763
1854.5 87.2763
1855 87.2763
1855.5 87.2726
1856 87.2726
1856.5 87.2763
1857 87.2763
1857.5 87.2726
1858 87.2726
1858.5 87.2726
1859 87.2763
1859.5 87.2726
1860 87.2763
1860.5 87.2689
1861 87.2689
1861.5 87.2763
1862 87.2763
1862.5 87.2726
1863 87.2763
1863.5 87.2763
1864 87.2726
1864.5 87.2763
1865 87.2763
1865.5 87.2726
1866 87.2726
1866.5 87.2726
1867 87.2726
1867.5 87.2763
1868 87.2726
1868.5 87.2726
1869 87.2763
1869.5 87.2689
1870 87.2726
1870.5 87.2689
1871 87.2726
1871.5 87.2763
1872 87.2763
1872.5 87.2689
1873 87.2689
1873.5 87.28
1874 87.2689
1874.5 87.2726
1875 87.2726
1875.5 87.2763
1876 87.2726
1876.5 87.2726
1877 87.2763
1877.5 87.2726
1878 87.2689
1878.5 87.2689
1879 87.2726
1879.5 87.2763
1880 87.2763
1880.5 87.2763
1881 87.2726
1881.5 87.2726
1882 87.2763
1882.5 87.2763
1883 87.28
1883.5 87.2726
1884 87.2763
1884.5 87.2726
1885 87.2726
1885.5 87.2763
1886 87.2763
1886.5 87.2763
1887 87.2726
1887.5 87.2726
1888 87.2726
1888.5 87.2763
1889 87.2689
1889.5 87.2726
1890 87.2763
1890.5 87.2763
1891 87.2726
1891.5 87.2763
1892 87.2763
1892.5 87.28
1893 87.2763
1893.5 87.2726
1894 87.2726
1894.5 87.28
1895 87.2726
1895.5 87.2763
1896 87.2689
1896.5 87.2726
1897 87.2689
1897.5 87.2763
1898 87.2763
1898.5 87.2763
1899 87.2763
1899.5 87.2726
1900 87.2689
1900.5 87.2763
1901 87.2726
1901.5 87.2726
1902 87.2763
1902.5 87.2726
1903 87.2726
1903.5 87.2689
1904 87.2726
1904.5 87.2726
1905 87.2763
1905.5 87.2689
1906 87.2726
1906.5 87.2763
1907 87.2763
1907.5 87.2726
1908 87.2726
1908.5 87.2689
1909 87.2726
1909.5 87.2726
1910 87.2763
1910.5 87.2763
1911 87.2726
1911.5 87.2763
1912 87.2726
1912.5 87.2726
1913 87.2689
1913.5 87.2726
1914 87.2726
1914.5 87.2763
1915 87.2726
1915.5 87.2689
1916 87.2726
1916.5 87.28
1917 87.2763
1917.5 87.2726
1918 87.2726
1918.5 87.2763
1919 87.2763
1919.5 87.2726
1920 87.2726
1920.5 87.2763
1921 87.2726
1921.5 87.2726
1922 87.2763
1922.5 87.2726
1923 87.2726
1923.5 87.2763
1924 87.2726
1924.5 87.2763
1925 87.28
1925.5 87.2763
1926 87.2689
1926.5 87.28
1927 87.2689
1927.5 87.2726
1928 87.2726
1928.5 87.2763
1929 87.2726
1929.5 87.2726
1930 87.2763
1930.5 87.2763
1931 87.2726
1931.5 87.2726
1932 87.2726
1932.5 87.2726
1933 87.2763
1933.5 87.2763
1934 87.2689
1934.5 87.2726
1935 87.2763
1935.5 87.2763
1936 87.2763
1936.5 87.28
1937 87.2689
1937.5 87.2726
1938 87.2726
1938.5 87.2726
1939 87.2763
1939.5 87.2726
1940 87.2763
1940.5 87.2726
1941 87.2726
1941.5 87.2726
1942 87.2726
1942.5 87.2726
1943 87.2763
1943.5 87.2726
1944 87.2651
1944.5 87.2726
1945 87.2726
1945.5 87.2763
1946 87.2763
1946.5 87.2726
1947 87.2689
1947.5 87.2726
1948 87.2763
1948.5 87.2726
1949 87.2689
1949.5 87.2763
1950 87.2689
1950.5 87.2763
1951 87.2726
1951.5 87.2689
1952 87.2651
1952.5 87.2726
1953 87.2689
1953.5 87.2726
1954 87.2689
1954.5 87.2763
1955 87.2763
1955.5 87.2726
1956 87.2726
1956.5 87.2763
1957 87.2726
1957.5 87.2763
1958 87.2726
1958.5 87.2763
1959 87.2763
1959.5 87.2726
1960 87.2726
1960.5 87.2726
1961 87.2689
1961.5 87.2689
1962 87.2763
1962.5 87.2726
1963 87.2726
1963.5 87.2689
1964 87.2726
1964.5 87.2763
1965 87.2726
1965.5 87.2651
1966 87.2726
1966.5 87.2763
1967 87.2689
1967.5 87.2726
1968 87.2689
1968.5 87.2763
1969 87.2726
1969.5 87.2726
1970 87.2726
1970.5 87.2689
1971 87.2689
1971.5 87.2726
1972 87.28
1972.5 87.2689
1973 87.2651
1973.5 87.2689
1974 87.2689
1974.5 87.2726
1975 87.2726
1975.5 87.2726
1976 87.2689
1976.5 87.2726
1977 87.2689
1977.5 87.28
1978 87.2689
1978.5 87.2726
1979 87.2875
1979.5 87.2838
1980 87.2726
1980.5 87.2726
1981 87.2689
1981.5 87.2726
1982 87.28
1982.5 87.2689
1983 87.2763
1983.5 87.2726
1984 87.2689
1984.5 87.2726
1985 87.2689
1985.5 87.2689
1986 87.2689
1986.5 87.2726
1987 87.2726
1987.5 87.2689
1988 87.2726
1988.5 87.2651
1989 87.2726
1989.5 87.2689
1990 87.2726
1990.5 87.2726
1991 87.2726
1991.5 87.2726
1992 87.2726
1992.5 87.2726
1993 87.2726
1993.5 87.2726
1994 87.2726
1994.5 87.2726
1995 87.2763
1995.5 87.2726
1996 87.2689
1996.5 87.2763
1997 87.2726
1997.5 87.2726
1998 87.2726
1998.5 87.2689
1999 87.2689
1999.5 87.2726
2000 87.2651
2000.5 87.2689
2001 87.2726
2001.5 87.2689
2002 87.2651
2002.5 87.2726
2003 87.2726
2003.5 87.2689
2004 87.2763
2004.5 87.2726
2005 87.2726
2005.5 87.2689
2006 87.2689
2006.5 87.2726
2007 87.2689
2007.5 87.2763
2008 87.2689
2008.5 87.2763
2009 87.2726
2009.5 87.2726
2010 87.2763
2010.5 87.2763
2011 87.2763
2011.5 87.2726
2012 87.2689
2012.5 87.2763
2013 87.2689
2013.5 87.2726
2014 87.2763
2014.5 87.2726
2015 87.2763
2015.5 87.2726
2016 87.2651
2016.5 87.2689
2017 87.2726
2017.5 87.2763
2018 87.2726
2018.5 87.2763
2019 87.2726
2019.5 87.28
2020 87.28
2020.5 87.2726
2021 87.2763
2021.5 87.2763
2022 87.28
2022.5 87.2726
2023 87.2763
2023.5 87.2763
2024 87.2689
2024.5 87.2689
2025 87.2689
2025.5 87.2726
2026 87.2726
2026.5 87.2726
2027 87.2689
2027.5 87.2689
2028 87.2726
2028.5 87.2726
2029 87.2763
2029.5 87.2726
2030 87.2689
2030.5 87.2726
2031 87.2763
2031.5 87.2726
2032 87.2726
2032.5 87.2726
2033 87.2689
2033.5 87.2726
2034 87.2689
2034.5 87.2726
2035 87.2726
2035.5 87.2689
2036 87.2726
2036.5 87.2689
2037 87.2763
2037.5 87.2726
2038 87.2763
2038.5 87.2726
2039 87.2763
2039.5 87.2726
2040 87.2726
2040.5 87.2689
2041 87.2726
2041.5 87.28
2042 87.28
2042.5 87.2726
2043 87.2726
2043.5 87.2763
2044 87.2763
2044.5 87.2763
2045 87.2689
2045.5 87.2726
2046 87.2726
2046.5 87.2763
2047 87.2726
2047.5 87.28
2048 87.2726
2048.5 87.2726
2049 87.2726
2049.5 87.2689
2050 87.2726
2050.5 87.2726
2051 87.2726
2051.5 87.2689
2052 87.2689
2052.5 87.2726
2053 87.2726
2053.5 87.2763
2054 87.2726
2054.5 87.2689
2055 87.2689
2055.5 87.2689
2056 87.2651
2056.5 87.2726
2057 87.2726
2057.5 87.2726
2058 87.2726
2058.5 87.2651
2059 87.2726
2059.5 87.2689
2060 87.2726
2060.5 87.2726
2061 87.2689
2061.5 87.2689
2062 87.2689
2062.5 87.2726
2063 87.2726
2063.5 87.2726
2064 87.2651
2064.5 87.2726
2065 87.2689
2065.5 87.2726
2066 87.2763
2066.5 87.2726
2067 87.2689
2067.5 87.2726
2068 87.2763
2068.5 87.2689
2069 87.2726
2069.5 87.2726
2070 87.2689
2070.5 87.2689
2071 87.2726
2071.5 87.2689
2072 87.2763
2072.5 87.2726
2073 87.2726
2073.5 87.2726
2074 87.2726
2074.5 87.2726
2075 87.2763
2075.5 87.2689
2076 87.2763
2076.5 87.2689
2077 87.2689
2077.5 87.2726
2078 87.2726
2078.5 87.2763
2079 87.2726
2079.5 87.2726
2080 87.2689
2080.5 87.2726
2081 87.2763
2081.5 87.2726
2082 87.2726
2082.5 87.2726
2083 87.2689
2083.5 87.2726
2084 87.2763
2084.5 87.2689
2085 87.2726
2085.5 87.2726
2086 87.2726
2086.5 87.2763
2087 87.2763
2087.5 87.2726
2088 87.2651
2088.5 87.2726
2089 87.2726
2089.5 87.2651
2090 87.2689
2090.5 87.2689
2091 87.2689
2091.5 87.2689
2092 87.2763
2092.5 87.2726
2093 87.2726
2093.5 87.2651
2094 87.28
2094.5 87.2726
2095 87.2726
2095.5 87.2726
2096 87.2726
2096.5 87.2726
2097 87.2763
2097.5 87.2726
2098 87.2726
2098.5 87.2763
2099 87.2726
2099.5 87.2763
2100 87.2763
2100.5 87.2726
2101 87.2726
2101.5 87.2689
2102 87.2763
2102.5 87.2726
2103 87.2726
2103.5 87.2763
2104 87.2763
2104.5 87.2726
2105 87.2726
2105.5 87.2689
2106 87.2726
2106.5 87.2689
2107 87.2726
2107.5 87.2689
2108 87.2689
2108.5 87.2726
2109 87.2763
2109.5 87.2726
2110 87.2763
2110.5 87.2726
2111 87.2763
2111.5 87.2726
2112 87.2726
2112.5 87.2763
2113 87.2763
2113.5 87.2763
2114 87.2763
2114.5 87.2726
2115 87.2726
2115.5 87.2726
2116 87.2763
2116.5 87.2726
2117 87.2726
2117.5 87.2726
2118 87.2726
2118.5 87.2689
2119 87.2689
2119.5 87.2763
2120 87.2726
2120.5 87.2689
2121 87.2689
2121.5 87.2689
2122 87.2726
2122.5 87.2689
2123 87.2726
2123.5 87.2726
2124 87.2726
2124.5 87.2763
2125 87.2689
2125.5 87.2763
2126 87.2689
2126.5 87.2689
2127 87.2689
2127.5 87.2726
2128 87.2726
2128.5 87.2651
2129 87.2689
2129.5 87.2726
2130 87.2726
2130.5 87.2689
2131 87.2726
2131.5 87.2689
2132 87.2726
2132.5 87.2689
2133 87.2689
2133.5 87.2689
2134 87.2726
2134.5 87.2689
2135 87.2763
2135.5 87.2726
2136 87.2763
2136.5 87.2651
2137 87.2726
2137.5 87.2763
2138 87.2689
2138.5 87.2726
2139 87.2651
2139.5 87.2726
2140 87.2726
2140.5 87.2689
2141 87.2726
2141.5 87.2651
2142 87.2651
2142.5 87.2726
2143 87.2651
2143.5 87.2726
2144 87.2726
2144.5 87.2689
2145 87.2726
2145.5 87.2689
2146 87.2763
2146.5 87.2726
2147 87.2726
2147.5 87.2726
2148 87.2689
2148.5 87.2726
2149 87.2726
2149.5 87.2726
2150 87.2689
2150.5 87.2726
2151 87.2651
2151.5 87.2689
2152 87.2651
2152.5 87.2651
2153 87.2689
2153.5 87.2689
2154 87.2689
2154.5 87.2651
2155 87.2726
2155.5 87.2726
2156 87.2651
2156.5 87.2651
2157 87.2726
2157.5 87.2651
2158 87.2651
2158.5 87.2651
2159 87.2689
2159.5 87.2689
2160 87.2689
2160.5 87.2726
2161 87.2726
2161.5 87.2689
2162 87.2651
2162.5 87.2726
2163 87.2726
2163.5 87.2689
2164 87.2726
2164.5 87.2689
2165 87.2689
2165.5 87.2651
2166 87.2689
2166.5 87.2689
2167 87.2726
2167.5 87.2651
2168 87.2689
2168.5 87.2651
2169 87.2689
2169.5 87.2726
2170 87.2651
2170.5 87.2689
2171 87.2651
2171.5 87.2689
2172 87.2651
2172.5 87.2726
2173 87.2726
2173.5 87.2689
2174 87.2726
2174.5 87.2651
2175 87.2689
2175.5 87.2651
2176 87.2726
2176.5 87.2689
2177 87.2689
2177.5 87.2726
2178 87.2689
2178.5 87.2651
2179 87.2614
2179.5 87.2689
2180 87.2689
2180.5 87.2689
2181 87.2651
2181.5 87.2689
2182 87.2651
2182.5 87.2689
2183 87.2651
2183.5 87.2689
2184 87.2689
2184.5 87.2726
2185 87.2689
2185.5 87.2651
2186 87.2651
2186.5 87.2689
2187 87.2763
2187.5 87.2726
2188 87.2614
2188.5 87.2689
2189 87.2651
2189.5 87.2726
2190 87.2651
2190.5 87.2689
2191 87.2689
2191.5 87.2689
2192 87.2726
2192.5 87.2689
2193 87.2689
2193.5 87.2689
2194 87.2689
2194.5 87.2726
2195 87.2651
2195.5 87.2689
2196 87.2689
2196.5 87.2651
2197 87.2689
2197.5 87.2689
2198 87.2689
2198.5 87.2651
2199 87.2689
2199.5 87.2689
2200 87.2689
2200.5 87.2689
2201 87.2689
2201.5 87.2689
2202 87.2689
2202.5 87.2689
2203 87.2689
2203.5 87.2726
2204 87.2689
2204.5 87.2726
2205 87.2689
2205.5 87.2651
2206 87.2726
2206.5 87.2651
2207 87.2726
2207.5 87.2651
2208 87.2614
