0 77.6196
0.5 77.6233
1 77.6196
1.5 77.627
2 77.6605
2.5 77.6941
3 77.7425
3.5 77.7909
4 77.8431
4.5 77.9027
5 77.9623
5.5 78.0294
6 78.0927
6.5 78.1672
7 78.2306
7.5 78.2976
8 78.3647
8.5 78.4317
9 78.4988
9.5 78.577
10 78.6441
10.5 78.7186
11 78.7819
11.5 78.8527
12 78.9272
12.5 78.9943
13 79.0651
13.5 79.1322
14 79.1992
14.5 79.2663
15 79.3408
15.5 79.4153
16 79.4786
16.5 79.5457
17 79.609
17.5 79.6835
18 79.7506
18.5 79.8177
19 79.8773
19.5 79.9443
20 80.0151
20.5 80.0785
21 80.1343
21.5 80.1939
22 80.2685
22.5 80.3392
23 80.3989
23.5 80.4622
24 80.5218
24.5 80.5851
25 80.641
25.5 80.7006
26 80.7714
26.5 80.8273
27 80.8906
27.5 80.9502
28 81.0099
28.5 81.0695
29 81.1253
29.5 81.1812
30 81.2446
30.5 81.3005
31 81.3601
31.5 81.4197
32 81.4756
32.5 81.5352
33 81.591
33.5 81.6432
34 81.7065
34.5 81.755
35 81.8109
35.5 81.8667
36 81.9226
36.5 81.9785
37 82.0344
37.5 82.0866
38 82.135
38.5 82.1946
39 82.2393
39.5 82.2915
40 82.3548
40.5 82.4032
41 82.4554
41.5 82.5038
42 82.5597
42.5 82.6081
43 82.664
43.5 82.7125
44 82.7646
44.5 82.813
45 82.8615
45.5 82.9099
46 82.9621
46.5 83.0142
47 83.0664
47.5 83.1111
48 83.1558
48.5 83.2117
49 83.2564
49.5 83.3086
50 83.357
50.5 83.4054
51 83.4501
51.5 83.4911
52 83.5395
52.5 83.588
53 83.629
53.5 83.6848
54 83.7333
54.5 83.7817
55 83.8264
55.5 83.8711
56 83.9084
56.5 83.9568
57 84.0052
57.5 84.0462
58 84.0947
58.5 84.1431
59 84.1841
59.5 84.2288
60 84.2698
60.5 84.3107
61 84.3629
61.5 84.3964
62 84.4411
62.5 84.4896
63 84.5305
63.5 84.5678
64 84.6088
64.5 84.6572
65 84.6945
65.5 84.7355
66 84.7727
66.5 84.8211
67 84.8584
67.5 84.9031
68 84.9478
68.5 84.9776
69 85.0298
69.5 85.0708
70 85.108
70.5 85.1453
71 85.1863
71.5 85.231
72 85.2645
72.5 85.3129
73 85.3502
73.5 85.3837
74 85.421
74.5 85.4582
75 85.4992
75.5 85.5439
76 85.5774
76.5 85.6147
77 85.6594
77.5 85.6967
78 85.7302
78.5 85.7712
79 85.8122
79.5 85.842
80 85.8829
80.5 85.9276
81 85.9575
81.5 85.9984
82 86.0394
82.5 86.0692
83 86.1065
83.5 86.14
84 86.1773
84.5 86.2182
85 86.2518
85.5 86.2853
86 86.3263
86.5 86.3598
87 86.4008
87.5 86.4306
88 86.4641
88.5 86.5014
89 86.5386
89.5 86.5722
90 86.602
90.5 86.643
91 86.6765
91.5 86.71
92 86.7436
92.5 86.7771
93 86.8106
93.5 86.8516
94 86.8777
94.5 86.9112
95 86.9447
95.5 86.982
96 87.0118
96.5 87.0453
97 87.0826
97.5 87.1087
98 87.1459
98.5 87.1794
99 87.2093
99.5 87.2428
100 87.2689
100.5 87.3061
101 87.3397
101.5 87.3732
102 87.403
102.5 87.4328
103 87.4626
103.5 87.4924
104 87.5259
104.5 87.5557
105 87.5893
105.5 87.6191
106 87.6526
106.5 87.6824
107 87.7085
107.5 87.742
108 87.7681
108.5 87.8091
109 87.8314
109.5 87.865
110 87.8873
110.5 87.9246
111 87.9581
111.5 87.9805
112 88.014
112.5 88.0512
113 88.0736
113.5 88.1034
114 88.1332
114.5 88.1593
115 88.1891
115.5 88.2189
116 88.2487
116.5 88.2748
117 88.3083
117.5 88.3307
118 88.3642
118.5 88.3903
119 88.4163
119.5 88.4462
120 88.4685
120.5 88.4983
121 88.5244
121.5 88.5579
122 88.5803
122.5 88.6138
123 88.6362
123.5 88.666
124 88.6958
124.5 88.7293
125 88.7479
125.5 88.7777
126 88.8001
126.5 88.8373
127 88.856
127.5 88.882
128 88.9119
128.5 88.9342
129 88.9677
129.5 88.9938
130 89.0162
130.5 89.0385
131 89.0721
131.5 89.0981
132 89.1279
132.5 89.1503
133 89.1801
133.5 89.1987
134 89.2211
134.5 89.2546
135 89.277
135.5 89.3068
136 89.3328
136.5 89.3477
137 89.3776
137.5 89.4036
138 89.4297
138.5 89.4446
139 89.4781
139.5 89.5042
140 89.5303
140.5 89.5489
141 89.5787
141.5 89.6011
142 89.6234
142.5 89.6495
143 89.6756
143.5 89.6942
144 89.7203
144.5 89.7427
145 89.7687
145.5 89.7874
146 89.8134
146.5 89.8395
147 89.8582
147.5 89.888
148 89.9103
148.5 89.9364
149 89.955
149.5 89.9774
150 90.0035
150.5 90.0258
151 90.0482
151.5 90.0742
152 90.0929
152.5 90.1189
153 90.1376
153.5 90.1599
154 90.186
154.5 90.2046
155 90.2307
155.5 90.2531
156 90.2717
156.5 90.2941
157 90.3201
157.5 90.3388
158 90.3611
158.5 90.3835
159 90.4058
159.5 90.4282
160 90.4468
160.5 90.4692
161 90.4915
161.5 90.5213
162 90.5362
162.5 90.5586
163 90.5772
163.5 90.5958
164 90.6219
164.5 90.648
165 90.6703
165.5 90.6815
166 90.7076
166.5 90.7262
167 90.7448
167.5 90.7709
168 90.7896
168.5 90.8119
169 90.8268
169.5 90.8529
170 90.8715
170.5 90.8864
171 90.9088
171.5 90.9311
172 90.946
172.5 90.9721
173 90.9796
173.5 91.0094
174 91.0243
174.5 91.0429
175 91.0653
175.5 91.0876
176 91.1062
176.5 91.1249
177 91.1398
177.5 91.1621
178 91.1807
178.5 91.2031
179 91.218
179.5 91.2404
180 91.259
180.5 91.2776
181 91.2962
181.5 91.3111
182 91.3409
182.5 91.3558
183 91.3745
183.5 91.3931
184 91.4117
184.5 91.4229
185 91.4453
185.5 91.4602
186 91.4862
186.5 91.5049
187 91.5235
187.5 91.5421
188 91.5533
188.5 91.5794
189 91.598
189.5 91.6092
190 91.6315
190.5 91.6502
191 91.6613
191.5 91.6837
192 91.7061
192.5 91.7172
193 91.7321
193.5 91.7545
194 91.7731
194.5 91.7843
195 91.8066
195.5 91.8253
196 91.8402
196.5 91.8625
197 91.8737
197.5 91.8886
198 91.9035
198.5 91.9296
199 91.9408
199.5 91.9594
200 91.9706
200.5 91.9929
201 92.0116
201.5 92.0265
202 92.0451
202.5 92.0563
203 92.0712
203.5 92.0935
204 92.1084
204.5 92.1233
205 92.1382
205.5 92.1606
206 92.1718
206.5 92.1867
207 92.209
207.5 92.2202
208 92.2351
208.5 92.25
209 92.2723
209.5 92.2872
210 92.3021
210.5 92.3133
211 92.332
211.5 92.3506
212 92.358
212.5 92.3841
213 92.3953
213.5 92.4102
214 92.4251
214.5 92.4437
215 92.4586
215.5 92.4698
216 92.4847
216.5 92.5071
217 92.522
217.5 92.5331
218 92.5443
218.5 92.5667
219 92.5741
219.5 92.5927
220 92.6039
220.5 92.6263
221 92.6375
221.5 92.6561
222 92.6673
222.5 92.6784
223 92.6971
223.5 92.712
224 92.7269
224.5 92.738
225 92.7567
225.5 92.7678
226 92.7828
226.5 92.8014
227 92.8126
227.5 92.8237
228 92.8386
228.5 92.8535
229 92.8684
229.5 92.8796
230 92.8945
230.5 92.9131
231 92.9281
231.5 92.9392
232 92.9541
232.5 92.9728
233 92.9802
233.5 92.9951
234 93.01
234.5 93.0286
235 93.0324
235.5 93.051
236 93.0584
236.5 93.0845
237 93.0957
237.5 93.1069
238 93.1218
238.5 93.133
239 93.1441
239.5 93.159
240 93.1739
240.5 93.1777
241 93.2
241.5 93.2112
242 93.2261
242.5 93.2335
243 93.2447
243.5 93.2596
244 93.2783
244.5 93.2857
245 93.3006
245.5 93.3155
246 93.3267
246.5 93.3379
247 93.349
247.5 93.3639
248 93.3788
248.5 93.3938
249 93.4049
249.5 93.4124
250 93.4273
250.5 93.4347
251 93.4496
251.5 93.4608
252 93.4683
252.5 93.4943
253 93.5018
253.5 93.513
254 93.5279
254.5 93.5353
255 93.5428
255.5 93.5614
256 93.5726
256.5 93.5838
257 93.5987
257.5 93.6136
258 93.6173
258.5 93.6322
259 93.6471
259.5 93.6583
260 93.6694
260.5 93.6806
261 93.6881
261.5 93.6992
262 93.7104
262.5 93.7253
263 93.7402
263.5 93.7514
264 93.7589
264.5 93.77
265 93.7887
265.5 93.7961
266 93.8073
266.5 93.8185
267 93.8259
267.5 93.8408
268 93.852
268.5 93.8595
269 93.8781
269.5 93.8855
270 93.9004
270.5 93.9116
271 93.9153
271.5 93.9265
272 93.9377
272.5 93.9451
273 93.9638
273.5 93.9712
274 93.9824
274.5 93.9936
275 94.001
275.5 94.0159
276 94.0234
276.5 94.0346
277 94.0457
277.5 94.0606
278 94.0718
278.5 94.083
279 94.0867
279.5 94.1016
280 94.1091
280.5 94.1202
281 94.1389
281.5 94.1426
282 94.1538
282.5 94.1649
283 94.1687
283.5 94.1761
284 94.1948
284.5 94.2059
285 94.2134
285.5 94.2246
286 94.232
286.5 94.2506
287 94.2544
287.5 94.2655
288 94.2804
288.5 94.2842
289 94.2953
289.5 94.2991
290 94.3177
290.5 94.3252
291 94.3401
291.5 94.3438
292 94.3512
292.5 94.3587
293 94.3736
293.5 94.381
294 94.3885
294.5 94.3959
295 94.4034
295.5 94.4257
296 94.4332
296.5 94.4369
297 94.4481
297.5 94.4555
298 94.463
298.5 94.4742
299 94.4854
299.5 94.4965
300 94.504
300.5 94.5114
301 94.5263
301.5 94.5301
302 94.5338
302.5 94.5487
303 94.5599
303.5 94.5636
304 94.571
304.5 94.5859
305 94.5859
305.5 94.6008
306 94.612
306.5 94.6232
307 94.6269
307.5 94.6381
308 94.6493
308.5 94.6567
309 94.6642
309.5 94.6754
310 94.6828
310.5 94.6903
311 94.7014
311.5 94.7089
312 94.7238
312.5 94.7275
313 94.7424
313.5 94.7424
314 94.7536
314.5 94.761
315 94.7722
315.5 94.7797
316 94.7834
316.5 94.7946
317 94.7983
317.5 94.8095
318 94.8132
318.5 94.8244
319 94.8393
319.5 94.843
320 94.8505
320.5 94.8579
321 94.8654
321.5 94.8728
322 94.8803
322.5 94.8914
323 94.8989
323.5 94.9138
324 94.9212
324.5 94.9212
325 94.9324
325.5 94.9399
326 94.9548
326.5 94.9585
327 94.966
327.5 94.9734
328 94.9734
328.5 94.992
329 94.992
329.5 94.9995
330 95.0144
330.5 95.0218
331 95.0293
331.5 95.033
332 95.0405
332.5 95.0479
333 95.0628
333.5 95.0628
334 95.0777
334.5 95.0852
335 95.0926
335.5 95.1001
336 95.1038
336.5 95.1113
337 95.115
337.5 95.1299
338 95.1336
338.5 95.1448
339 95.1485
339.5 95.156
340 95.1597
340.5 95.1671
341 95.1858
341.5 95.1895
342 95.1932
342.5 95.1969
343 95.2044
343.5 95.2118
344 95.223
344.5 95.2267
345 95.2416
345.5 95.2454
346 95.2528
346.5 95.264
347 95.264
347.5 95.2715
348 95.2789
348.5 95.2864
349 95.2864
349.5 95.3013
350 95.3124
350.5 95.3162
351 95.3236
351.5 95.3273
352 95.3348
352.5 95.3348
353 95.346
353.5 95.3571
354 95.3609
354.5 95.3683
355 95.3795
355.5 95.3832
356 95.3907
356.5 95.3981
357 95.3981
357.5 95.413
358 95.4205
358.5 95.4242
359 95.4279
359.5 95.4317
360 95.4428
360.5 95.4466
361 95.4577
361.5 95.4615
362 95.4726
362.5 95.4764
363 95.4838
363.5 95.495
364 95.495
364.5 95.4987
365 95.5062
365.5 95.5099
366 95.5173
366.5 95.5211
367 95.536
367.5 95.5397
368 95.5434
368.5 95.5546
369 95.5546
369.5 95.5658
370 95.5695
370.5 95.5732
371 95.5807
371.5 95.5919
372 95.5993
372.5 95.5993
373 95.6105
373.5 95.6142
374 95.6254
374.5 95.6254
375 95.6291
375.5 95.6403
376 95.6515
376.5 95.6589
377 95.6589
377.5 95.6626
378 95.6701
378.5 95.6813
379 95.6813
379.5 95.6887
380 95.6962
380.5 95.6924
381 95.7073
381.5 95.7111
382 95.7148
382.5 95.7223
383 95.7297
383.5 95.7372
384 95.7372
384.5 95.7446
385 95.7483
385.5 95.7521
386 95.7632
386.5 95.767
387 95.7744
387.5 95.7819
388 95.7856
388.5 95.793
389 95.793
389.5 95.8042
390 95.8005
390.5 95.8079
391 95.8154
391.5 95.8266
392 95.8266
392.5 95.8303
393 95.8377
393.5 95.8452
394 95.8489
394.5 95.8564
395 95.8638
395.5 95.8638
396 95.8787
396.5 95.8787
397 95.8825
397.5 95.8899
398 95.8936
398.5 95.9011
399 95.9048
399.5 95.9048
400 95.916
400.5 95.9197
401 95.9272
401.5 95.9272
402 95.9458
402.5 95.9383
403 95.9495
403.5 95.957
404 95.9532
404.5 95.9644
405 95.9644
405.5 95.9756
406 95.9793
406.5 95.983
407 95.9868
407.5 96.0017
408 96.0017
408.5 96.0054
409 96.0128
409.5 96.0128
410 96.0203
410.5 96.024
411 96.0277
411.5 96.0352
412 96.0427
412.5 96.0427
413 96.0427
413.5 96.0576
414 96.0613
414.5 96.0613
415 96.065
415.5 96.0687
416 96.0762
416.5 96.0799
417 96.0874
417.5 96.0911
418 96.0948
418.5 96.0985
419 96.106
419.5 96.1023
420 96.1134
420.5 96.1209
421 96.1283
421.5 96.1321
422 96.1358
422.5 96.1358
423 96.1395
423.5 96.1432
424 96.147
424.5 96.1544
425 96.1581
425.5 96.1693
426 96.1693
426.5 96.173
427 96.1805
427.5 96.1842
428 96.188
428.5 96.1917
429 96.1917
429.5 96.1991
430 96.2103
430.5 96.2103
431 96.214
431.5 96.214
432 96.2215
432.5 96.2327
433 96.2364
433.5 96.2364
434 96.2438
434.5 96.2476
435 96.2513
435.5 96.2513
436 96.2587
436.5 96.2625
437 96.2625
437.5 96.2699
438 96.2774
438.5 96.2811
439 96.2885
439.5 96.2885
440 96.2923
440.5 96.296
441 96.2997
441.5 96.3072
442 96.3109
442.5 96.3146
443 96.3183
443.5 96.3221
444 96.3295
444.5 96.3295
445 96.3332
445.5 96.3332
446 96.337
446.5 96.3482
447 96.3519
447.5 96.3631
448 96.3631
448.5 96.3631
449 96.3668
449.5 96.3668
450 96.378
450.5 96.3742
451 96.378
451.5 96.3817
452 96.3891
452.5 96.3891
453 96.3929
453.5 96.3966
454 96.404
454.5 96.4115
455 96.4152
455.5 96.4189
456 96.4264
456.5 96.4264
457 96.4301
457.5 96.4301
458 96.4338
458.5 96.4338
459 96.4413
459.5 96.4487
460 96.4525
460.5 96.4487
461 96.4636
461.5 96.4562
462 96.4711
462.5 96.4785
463 96.4674
463.5 96.4785
464 96.4823
464.5 96.486
465 96.486
465.5 96.4934
466 96.4934
466.5 96.5046
467 96.5046
467.5 96.5009
468 96.5084
468.5 96.5195
469 96.5195
469.5 96.527
470 96.5233
470.5 96.527
471 96.5307
471.5 96.5307
472 96.5382
472.5 96.5456
473 96.5493
473.5 96.5493
474 96.5531
474.5 96.5642
475 96.5642
475.5 96.5717
476 96.5791
476.5 96.5717
477 96.5791
477.5 96.5791
478 96.5791
478.5 96.5866
479 96.5903
479.5 96.5978
480 96.594
480.5 96.5978
481 96.6015
481.5 96.6052
482 96.6089
482.5 96.6127
483 96.6164
483.5 96.6164
484 96.6238
484.5 96.6276
485 96.6276
485.5 96.6313
486 96.6387
486.5 96.6387
487 96.6462
487.5 96.6499
488 96.6499
488.5 96.6499
489 96.6537
489.5 96.6574
490 96.6574
490.5 96.6611
491 96.6686
491.5 96.6648
492 96.676
492.5 96.676
493 96.6835
493.5 96.6797
494 96.6872
494.5 96.6872
495 96.6872
495.5 96.6984
496 96.6946
496.5 96.6984
497 96.7058
497.5 96.7058
498 96.7133
498.5 96.717
499 96.7207
499.5 96.7207
500 96.7282
500.5 96.7282
501 96.7282
501.5 96.7319
502 96.7356
502.5 96.7356
503 96.7356
503.5 96.7468
504 96.7468
504.5 96.7542
505 96.7468
505.5 96.7617
506 96.758
506.5 96.7617
507 96.7654
507.5 96.7729
508 96.7729
508.5 96.7766
509 96.7766
509.5 96.7766
510 96.7803
510.5 96.7878
511 96.7878
511.5 96.7878
512 96.7915
512.5 96.7915
513 96.7989
513.5 96.8027
514 96.8027
514.5 96.8064
515 96.8139
515.5 96.8176
516 96.8176
516.5 96.8213
517 96.825
517.5 96.825
518 96.8288
518.5 96.8325
519 96.8325
519.5 96.8362
520 96.8399
520.5 96.8474
521 96.8437
521.5 96.8511
522 96.8511
522.5 96.8474
523 96.8548
523.5 96.8511
524 96.8586
524.5 96.8586
525 96.8697
525.5 96.8697
526 96.8735
526.5 96.8735
527 96.8809
527.5 96.8772
528 96.8846
528.5 96.8846
529 96.8884
529.5 96.8921
530 96.8884
530.5 96.8958
531 96.8921
531.5 96.9033
532 96.9033
532.5 96.9033
533 96.9033
533.5 96.9107
534 96.9144
534.5 96.9144
535 96.9182
535.5 96.9144
536 96.9219
536.5 96.9219
537 96.9293
537.5 96.9293
538 96.9331
538.5 96.9368
539 96.9405
539.5 96.9442
540 96.9405
540.5 96.948
541 96.9442
541.5 96.948
542 96.9554
542.5 96.9554
543 96.9554
543.5 96.9629
544 96.9629
544.5 96.9666
545 96.9666
545.5 96.9629
546 96.9703
546.5 96.9741
547 96.9703
547.5 96.9741
548 96.9778
548.5 96.9778
549 96.989
549.5 96.9852
550 96.9927
550.5 96.9852
551 96.9964
551.5 97.0001
552 97.0001
552.5 97.0001
553 97.0039
553.5 97.0039
554 97.0076
554.5 97.015
555 97.015
555.5 97.0113
556 97.015
556.5 97.0188
557 97.0113
557.5 97.0225
558 97.0225
558.5 97.0262
559 97.0299
559.5 97.0299
560 97.0299
560.5 97.0374
561 97.0337
561.5 97.0448
562 97.0448
562.5 97.0486
563 97.0448
563.5 97.0523
564 97.0523
564.5 97.0523
565 97.056
565.5 97.056
566 97.0635
566.5 97.0635
567 97.0672
567.5 97.0672
568 97.0709
568.5 97.0746
569 97.0784
569.5 97.0746
570 97.0784
570.5 97.0821
571 97.0821
571.5 97.0821
572 97.0858
572.5 97.0858
573 97.0895
573.5 97.0895
574 97.0895
574.5 97.0933
575 97.097
575.5 97.1044
576 97.1044
576.5 97.1044
577 97.1082
577.5 97.1082
578 97.1082
578.5 97.1156
579 97.1156
579.5 97.1156
580 97.1268
580.5 97.1268
581 97.1231
581.5 97.1231
582 97.1268
582.5 97.1268
583 97.1268
583.5 97.1305
584 97.1343
584.5 97.1343
585 97.1305
585.5 97.1343
586 97.138
586.5 97.1417
587 97.1417
587.5 97.1454
588 97.1454
588.5 97.1492
589 97.1529
589.5 97.1492
590 97.1492
590.5 97.1529
591 97.1603
591.5 97.1603
592 97.1603
592.5 97.1641
593 97.1715
593.5 97.1715
594 97.1715
594.5 97.1715
595 97.1752
595.5 97.1715
596 97.1715
596.5 97.1827
597 97.1827
597.5 97.1864
598 97.1827
598.5 97.1864
599 97.1901
599.5 97.1901
600 97.1939
600.5 97.1901
601 97.2013
601.5 97.1976
602 97.1976
602.5 97.1976
603 97.1976
603.5 97.205
604 97.2088
604.5 97.205
605 97.205
605.5 97.2088
606 97.2125
606.5 97.2199
607 97.2199
607.5 97.2237
608 97.2199
608.5 97.2237
609 97.2199
609.5 97.2237
610 97.2311
610.5 97.2311
611 97.2311
611.5 97.2348
612 97.2348
612.5 97.2386
613 97.2348
613.5 97.2386
614 97.2386
614.5 97.2386
615 97.2423
615.5 97.246
616 97.246
616.5 97.246
617 97.2535
617.5 97.2497
618 97.2535
618.5 97.2572
619 97.2572
619.5 97.2497
620 97.2572
620.5 97.2572
621 97.2646
621.5 97.2684
622 97.2572
622.5 97.2646
623 97.2684
623.5 97.2721
624 97.2646
624.5 97.2646
625 97.2721
625.5 97.2721
626 97.2684
626.5 97.2796
627 97.2796
627.5 97.2833
628 97.2833
628.5 97.287
629 97.287
629.5 97.287
630 97.287
630.5 97.2945
631 97.2907
631.5 97.2945
632 97.2945
632.5 97.2982
633 97.3019
633.5 97.3019
634 97.2982
634.5 97.3056
635 97.3056
635.5 97.3056
636 97.3094
636.5 97.3094
637 97.3094
637.5 97.3094
638 97.3094
638.5 97.3168
639 97.3131
639.5 97.3168
640 97.3168
640.5 97.3168
641 97.3243
641.5 97.328
642 97.3243
642.5 97.3205
643 97.3243
643.5 97.328
644 97.3354
644.5 97.3354
645 97.3354
645.5 97.3354
646 97.3354
646.5 97.3429
647 97.3392
647.5 97.3392
648 97.3429
648.5 97.3466
649 97.3466
649.5 97.3392
650 97.3503
650.5 97.3466
651 97.3466
651.5 97.3503
652 97.3541
652.5 97.3541
653 97.3541
653.5 97.3503
654 97.3578
654.5 97.3541
655 97.3578
655.5 97.3615
656 97.3615
656.5 97.3578
657 97.3652
657.5 97.3615
658 97.3652
658.5 97.369
659 97.3727
659.5 97.369
660 97.369
660.5 97.3652
661 97.3727
661.5 97.3727
662 97.3801
662.5 97.3764
663 97.3801
663.5 97.3764
664 97.3839
664.5 97.3839
665 97.3801
665.5 97.3839
666 97.3801
666.5 97.3876
667 97.3876
667.5 97.3876
668 97.395
668.5 97.395
669 97.395
669.5 97.3988
670 97.395
670.5 97.3988
671 97.3988
671.5 97.3988
672 97.4025
672.5 97.4062
673 97.4062
673.5 97.4025
674 97.4099
674.5 97.4137
675 97.4099
675.5 97.4062
676 97.4099
676.5 97.4062
677 97.4137
677.5 97.4099
678 97.4174
678.5 97.4137
679 97.4174
679.5 97.4174
680 97.4211
680.5 97.4174
681 97.4211
681.5 97.4286
682 97.4248
682.5 97.4248
683 97.4211
683.5 97.4286
684 97.4286
684.5 97.4286
685 97.4323
685.5 97.4286
686 97.4286
686.5 97.436
687 97.436
687.5 97.4323
688 97.436
688.5 97.4435
689 97.4435
689.5 97.4398
690 97.4398
690.5 97.4398
691 97.4435
691.5 97.4398
692 97.4435
692.5 97.4435
693 97.4472
693.5 97.4547
694 97.4472
694.5 97.4584
695 97.4472
695.5 97.4547
696 97.4547
696.5 97.4584
697 97.4584
697.5 97.4547
698 97.4584
698.5 97.4547
699 97.4621
699.5 97.4621
700 97.4621
700.5 97.4621
701 97.4658
701.5 97.4658
702 97.4696
702.5 97.4696
703 97.4658
703.5 97.4696
704 97.4696
704.5 97.4733
705 97.4733
705.5 97.4733
706 97.4733
706.5 97.4733
707 97.477
707.5 97.4807
708 97.477
708.5 97.4845
709 97.4807
709.5 97.477
710 97.477
710.5 97.4845
711 97.4882
711.5 97.4882
712 97.4845
712.5 97.4845
713 97.4845
713.5 97.4882
714 97.4919
714.5 97.4882
715 97.4919
715.5 97.4919
716 97.4919
716.5 97.4956
717 97.4956
717.5 97.4919
718 97.4956
718.5 97.4956
719 97.4956
719.5 97.4919
720 97.4956
720.5 97.4994
721 97.4994
721.5 97.4994
722 97.4994
722.5 97.5031
723 97.5031
723.5 97.5031
724 97.5143
724.5 97.5143
725 97.5143
725.5 97.5143
726 97.5105
726.5 97.5143
727 97.5105
727.5 97.518
728 97.5143
728.5 97.5105
729 97.518
729.5 97.518
730 97.5217
730.5 97.518
731 97.5105
731.5 97.5217
732 97.5217
732.5 97.5254
733 97.5254
733.5 97.5217
734 97.5217
734.5 97.5217
735 97.5217
735.5 97.5292
736 97.5329
736.5 97.5292
737 97.5329
737.5 97.5329
738 97.5329
738.5 97.5366
739 97.5329
739.5 97.5366
740 97.5366
740.5 97.5366
741 97.5403
741.5 97.5366
742 97.5403
742.5 97.5403
743 97.5441
743.5 97.5441
744 97.5403
744.5 97.5441
745 97.5441
745.5 97.5441
746 97.5441
746.5 97.5441
747 97.5478
747.5 97.5478
748 97.5478
748.5 97.5478
749 97.5478
749.5 97.5478
750 97.5478
750.5 97.5515
751 97.5515
751.5 97.5552
752 97.5552
752.5 97.5515
753 97.5552
753.5 97.5552
754 97.5552
754.5 97.5552
755 97.5552
755.5 97.5552
756 97.559
756.5 97.559
757 97.5627
757.5 97.5627
758 97.5627
758.5 97.5552
759 97.5627
759.5 97.559
760 97.5627
760.5 97.5627
761 97.5627
761.5 97.5701
762 97.5739
762.5 97.5701
763 97.5739
763.5 97.5739
764 97.5739
764.5 97.5701
765 97.5776
765.5 97.5776
766 97.5776
766.5 97.5813
767 97.5813
767.5 97.5813
768 97.5776
768.5 97.5813
769 97.5813
769.5 97.5851
770 97.5888
770.5 97.5851
771 97.5813
771.5 97.5888
772 97.5888
772.5 97.5888
773 97.5851
773.5 97.5851
774 97.5888
774.5 97.5851
775 97.5925
775.5 97.5888
776 97.5851
776.5 97.5925
777 97.5888
777.5 97.5925
778 97.5925
778.5 97.5962
779 97.5925
779.5 97.5962
780 97.5925
780.5 97.5962
781 97.5962
781.5 97.5962
782 97.5925
782.5 97.5925
783 97.5962
783.5 97.6
784 97.5962
784.5 97.6
785 97.6
785.5 97.5962
786 97.6
786.5 97.6
787 97.6037
787.5 97.6037
788 97.6037
788.5 97.6037
789 97.6037
789.5 97.6037
790 97.6074
790.5 97.6074
791 97.6074
791.5 97.6074
792 97.6074
792.5 97.6111
793 97.6111
793.5 97.6149
794 97.6111
794.5 97.6149
795 97.6111
795.5 97.6111
796 97.6149
796.5 97.6149
797 97.6186
797.5 97.6074
798 97.6186
798.5 97.626
799 97.6149
799.5 97.6111
800 97.6149
800.5 97.6111
801 97.6149
801.5 97.626
802 97.6186
802.5 97.626
803 97.626
803.5 97.626
804 97.6298
804.5 97.6298
805 97.626
805.5 97.6335
806 97.6298
806.5 97.626
807 97.626
807.5 97.626
808 97.6372
808.5 97.626
809 97.6372
809.5 97.6335
810 97.6409
810.5 97.6409
811 97.6372
811.5 97.6335
812 97.6372
812.5 97.6372
813 97.6372
813.5 97.6372
814 97.6372
814.5 97.6372
815 97.6409
815.5 97.6372
816 97.6447
816.5 97.6409
817 97.6409
817.5 97.6409
818 97.6484
818.5 97.6409
819 97.6447
819.5 97.6484
820 97.6447
820.5 97.6447
821 97.6447
821.5 97.6484
822 97.6447
822.5 97.6484
823 97.6447
823.5 97.6409
824 97.6484
824.5 97.6447
825 97.6484
825.5 97.6447
826 97.6484
826.5 97.6558
827 97.6521
827.5 97.6521
828 97.6521
828.5 97.6521
829 97.6521
829.5 97.6521
830 97.6558
830.5 97.6558
831 97.6521
831.5 97.6484
832 97.6558
832.5 97.6558
833 97.6558
833.5 97.6596
834 97.6558
834.5 97.6558
835 97.6558
835.5 97.6596
836 97.6558
836.5 97.6558
837 97.6596
837.5 97.6596
838 97.6596
838.5 97.6633
839 97.6558
839.5 97.6633
840 97.6633
840.5 97.6596
841 97.6596
841.5 97.6633
842 97.667
842.5 97.667
843 97.667
843.5 97.6633
844 97.6633
844.5 97.6633
845 97.6633
845.5 97.667
846 97.667
846.5 97.667
847 97.6633
847.5 97.667
848 97.667
848.5 97.6707
849 97.667
849.5 97.6745
850 97.6707
850.5 97.6745
851 97.6745
851.5 97.667
852 97.6745
852.5 97.6707
853 97.6745
853.5 97.6745
854 97.6745
854.5 97.6782
855 97.6745
855.5 97.6782
856 97.6745
856.5 97.6745
857 97.6782
857.5 97.6707
858 97.6782
858.5 97.6782
859 97.6782
859.5 97.6782
860 97.6782
860.5 97.6782
861 97.6856
861.5 97.6856
862 97.6856
862.5 97.6856
863 97.6782
863.5 97.6856
864 97.6856
864.5 97.6856
865 97.6782
865.5 97.6856
866 97.6856
866.5 97.6856
867 97.6894
867.5 97.6894
868 97.6856
868.5 97.6894
869 97.6894
869.5 97.6894
870 97.6931
870.5 97.6856
871 97.6968
871.5 97.6931
872 97.6968
872.5 97.6968
873 97.6931
873.5 97.6968
874 97.6968
874.5 97.6968
875 97.6894
875.5 97.6968
876 97.6931
876.5 97.6968
877 97.6968
877.5 97.6931
878 97.6968
878.5 97.7005
879 97.7005
879.5 97.6931
880 97.7005
880.5 97.7005
881 97.7043
881.5 97.7043
882 97.6968
882.5 97.7005
883 97.6968
883.5 97.7005
884 97.7005
884.5 97.7005
885 97.7005
885.5 97.7005
886 97.7043
886.5 97.7043
887 97.7043
887.5 97.7005
888 97.7005
888.5 97.708
889 97.7005
889.5 97.7043
890 97.708
890.5 97.7005
891 97.7043
891.5 97.708
892 97.708
892.5 97.708
893 97.708
893.5 97.708
894 97.7043
894.5 97.7043
895 97.7117
895.5 97.7117
896 97.708
896.5 97.7117
897 97.708
897.5 97.7117
898 97.7154
898.5 97.7117
899 97.7117
899.5 97.708
900 97.7117
900.5 97.7154
901 97.7117
901.5 97.7154
902 97.7192
902.5 97.7229
903 97.7192
903.5 97.7229
904 97.7192
904.5 97.7192
905 97.7229
905.5 97.7154
906 97.7192
906.5 97.7229
907 97.7266
907.5 97.7192
908 97.7229
908.5 97.7154
909 97.7192
909.5 97.7229
910 97.7266
910.5 97.7266
911 97.7266
911.5 97.7192
912 97.7266
912.5 97.7266
913 97.7229
913.5 97.7192
914 97.7229
914.5 97.7266
915 97.7303
915.5 97.7266
916 97.7266
916.5 97.7266
917 97.7266
917.5 97.7266
918 97.7266
918.5 97.7229
919 97.7303
919.5 97.7303
920 97.7303
920.5 97.7266
921 97.7341
921.5 97.7266
922 97.7303
922.5 97.7266
923 97.7303
923.5 97.7303
924 97.7303
924.5 97.7303
925 97.7303
925.5 97.7303
926 97.7341
926.5 97.7303
927 97.7341
927.5 97.7341
928 97.7303
928.5 97.7341
929 97.7303
929.5 97.7266
930 97.7266
930.5 97.7378
931 97.7341
931.5 97.7378
932 97.7341
932.5 97.7341
933 97.7378
933.5 97.7378
934 97.7453
934.5 97.7378
935 97.7453
935.5 97.7378
936 97.7378
936.5 97.7453
937 97.7378
937.5 97.7453
938 97.7378
938.5 97.7453
939 97.7341
939.5 97.7341
940 97.7378
940.5 97.7453
941 97.749
941.5 97.7378
942 97.7453
942.5 97.7378
943 97.7453
943.5 97.7453
944 97.7378
944.5 97.7453
945 97.7453
945.5 97.7378
946 97.7453
946.5 97.7378
947 97.7453
947.5 97.749
948 97.749
948.5 97.7453
949 97.7453
949.5 97.7453
950 97.749
950.5 97.7453
951 97.7453
951.5 97.749
952 97.749
952.5 97.749
953 97.749
953.5 97.749
954 97.7453
954.5 97.7527
955 97.7527
955.5 97.7527
956 97.7527
956.5 97.7527
957 97.7527
957.5 97.7453
958 97.7527
958.5 97.749
959 97.749
959.5 97.7527
960 97.7527
960.5 97.7527
961 97.7527
961.5 97.7527
962 97.749
962.5 97.7527
963 97.749
963.5 97.749
964 97.7527
964.5 97.7527
965 97.7564
965.5 97.7527
966 97.749
966.5 97.7527
967 97.7564
967.5 97.7527
968 97.749
968.5 97.7564
969 97.7564
969.5 97.7602
970 97.7564
970.5 97.7564
971 97.7564
971.5 97.7527
972 97.7527
972.5 97.7602
973 97.7602
973.5 97.749
974 97.7564
974.5 97.7564
975 97.7602
975.5 97.7602
976 97.7602
976.5 97.7564
977 97.7564
977.5 97.7564
978 97.7564
978.5 97.7602
979 97.7602
979.5 97.7602
980 97.7564
980.5 97.7602
981 97.7676
981.5 97.7639
982 97.7639
982.5 97.7602
983 97.7602
983.5 97.7639
984 97.7564
984.5 97.7639
985 97.7639
985.5 97.7639
986 97.7639
986.5 97.7639
987 97.7676
987.5 97.7639
988 97.7602
988.5 97.7602
989 97.7676
989.5 97.7602
990 97.7639
990.5 97.7676
991 97.7676
991.5 97.7602
992 97.7676
992.5 97.7602
993 97.7602
993.5 97.7676
994 97.7676
994.5 97.7639
995 97.7602
995.5 97.7676
996 97.7676
996.5 97.7713
997 97.7676
997.5 97.7639
998 97.7639
998.5 97.7713
999 97.7639
999.5 97.7602
1000 97.7713
1000.5 97.7639
1001 97.7602
1001.5 97.7639
1002 97.7602
1002.5 97.7639
1003 97.7676
1003.5 97.7676
1004 97.7676
1004.5 97.7676
1005 97.7676
1005.5 97.7676
1006 97.7639
1006.5 97.7713
1007 97.7676
1007.5 97.7676
1008 97.7713
1008.5 97.7751
1009 97.7713
1009.5 97.7676
1010 97.7751
1010.5 97.7676
1011 97.7713
1011.5 97.7713
1012 97.7751
1012.5 97.7751
1013 97.7751
1013.5 97.7751
1014 97.7788
1014.5 97.7676
1015 97.7751
1015.5 97.7713
1016 97.7751
1016.5 97.7788
1017 97.7713
1017.5 97.7713
1018 97.7751
1018.5 97.7788
1019 97.7713
1019.5 97.7713
1020 97.7751
1020.5 97.7713
1021 97.7751
1021.5 97.7713
1022 97.7713
1022.5 97.7751
1023 97.7788
1023.5 97.7788
1024 97.7713
1024.5 97.7713
1025 97.7751
1025.5 97.7713
1026 97.7751
1026.5 97.7788
1027 97.7751
1027.5 97.7788
1028 97.7713
1028.5 97.7751
1029 97.7751
1029.5 97.7825
1030 97.7751
1030.5 97.7788
1031 97.7788
1031.5 97.7825
1032 97.7713
1032.5 97.7788
1033 97.7751
1033.5 97.7825
1034 97.7788
1034.5 97.7751
1035 97.7788
1035.5 97.7788
1036 97.7825
1036.5 97.7788
1037 97.7825
1037.5 97.7825
1038 97.7825
1038.5 97.7825
1039 97.7825
1039.5 97.7788
1040 97.7788
1040.5 97.7825
1041 97.7825
1041.5 97.7788
1042 97.7825
1042.5 97.7825
1043 97.7788
1043.5 97.7825
1044 97.7751
1044.5 97.7825
1045 97.7825
1045.5 97.7825
1046 97.7788
1046.5 97.7825
1047 97.7825
1047.5 97.7825
1048 97.7825
1048.5 97.7788
1049 97.7862
1049.5 97.7825
1050 97.7825
1050.5 97.7788
1051 97.7862
1051.5 97.7788
1052 97.7862
1052.5 97.7862
1053 97.7825
1053.5 97.7825
1054 97.7862
1054.5 97.7862
1055 97.7862
1055.5 97.7862
1056 97.7825
1056.5 97.7862
1057 97.79
1057.5 97.7862
1058 97.7862
1058.5 97.7862
1059 97.7825
1059.5 97.7825
1060 97.7862
1060.5 97.7825
1061 97.79
1061.5 97.7825
1062 97.7825
1062.5 97.7825
1063 97.79
1063.5 97.79
1064 97.7825
1064.5 97.7788
1065 97.79
1065.5 97.7825
1066 97.79
1066.5 97.79
1067 97.79
1067.5 97.79
1068 97.7825
1068.5 97.79
1069 97.7862
1069.5 97.79
1070 97.7862
1070.5 97.79
1071 97.79
1071.5 97.7862
1072 97.7862
1072.5 97.7937
1073 97.79
1073.5 97.79
1074 97.7862
1074.5 97.79
1075 97.7862
1075.5 97.7862
1076 97.79
1076.5 97.79
1077 97.7862
1077.5 97.79
1078 97.79
1078.5 97.7862
1079 97.79
1079.5 97.79
1080 97.7937
1080.5 97.7862
1081 97.7862
1081.5 97.7862
1082 97.79
1082.5 97.79
1083 97.7937
1083.5 97.79
1084 97.79
1084.5 97.7937
1085 97.7937
1085.5 97.79
1086 97.7937
1086.5 97.7862
1087 97.8011
1087.5 97.79
1088 97.7937
1088.5 97.79
1089 97.79
1089.5 97.79
1090 97.79
1090.5 97.79
1091 97.7937
1091.5 97.79
1092 97.8011
1092.5 97.79
1093 97.79
1093.5 97.8011
1094 97.7937
1094.5 97.7937
1095 97.7937
1095.5 97.7937
1096 97.7937
1096.5 97.79
1097 97.7937
1097.5 97.7937
1098 97.8011
1098.5 97.8011
1099 97.8011
1099.5 97.79
1100 97.8011
1100.5 97.7937
1101 97.7937
1101.5 97.7937
1102 97.8049
1102.5 97.8011
1103 97.8011
1103.5 97.8011
1104 97.8011
1104.5 97.7937
1105 97.7937
1105.5 97.8011
1106 97.7937
1106.5 97.79
1107 97.7937
1107.5 97.8011
1108 97.8049
1108.5 97.8049
1109 97.8011
1109.5 97.8011
1110 97.7937
1110.5 97.8011
1111 97.8049
1111.5 97.8011
1112 97.8011
1112.5 97.8011
1113 97.7937
1113.5 97.8049
1114 97.8011
1114.5 97.8011
1115 97.8086
1115.5 97.8049
1116 97.8011
1116.5 97.8086
1117 97.8011
1117.5 97.8011
1118 97.7937
1118.5 97.8049
1119 97.8049
1119.5 97.8049
1120 97.8049
1120.5 97.8049
1121 97.8011
1121.5 97.8011
1122 97.8011
1122.5 97.8049
1123 97.8049
1123.5 97.8049
1124 97.8011
1124.5 97.8049
1125 97.7937
1125.5 97.8049
1126 97.8011
1126.5 97.8086
1127 97.8049
1127.5 97.8049
1128 97.8049
1128.5 97.8049
1129 97.8086
1129.5 97.8049
1130 97.8011
1130.5 97.8011
1131 97.7937
1131.5 97.8049
1132 97.8049
1132.5 97.8086
1133 97.8011
1133.5 97.8011
1134 97.8011
1134.5 97.8049
1135 97.8011
1135.5 97.8086
1136 97.8086
1136.5 97.8086
1137 97.8011
1137.5 97.8086
1138 97.8123
1138.5 97.8049
1139 97.8086
1139.5 97.8086
1140 97.8049
1140.5 97.8086
1141 97.8086
1141.5 97.8086
1142 97.8086
1142.5 97.8049
1143 97.8086
1143.5 97.8086
1144 97.8049
1144.5 97.8086
1145 97.8049
1145.5 97.8123
1146 97.8049
1146.5 97.8123
1147 97.8086
1147.5 97.8049
1148 97.8123
1148.5 97.8049
1149 97.8049
1149.5 97.8049
1150 97.8086
1150.5 97.8086
1151 97.8086
1151.5 97.8011
1152 97.8049
1152.5 97.8049
1153 97.8123
1153.5 97.8123
1154 97.8086
1154.5 97.8011
1155 97.8086
1155.5 97.8086
1156 97.8086
1156.5 97.8049
1157 97.8049
1157.5 97.8086
1158 97.8049
1158.5 97.8011
1159 97.8011
1159.5 97.8049
1160 97.8123
1160.5 97.8086
1161 97.8123
1161.5 97.8049
1162 97.8123
1162.5 97.8086
1163 97.8086
1163.5 97.8123
1164 97.8086
1164.5 97.8123
1165 97.8049
1165.5 97.8086
1166 97.8049
1166.5 97.8123
1167 97.8123
1167.5 97.816
1168 97.8049
1168.5 97.8086
1169 97.8086
1169.5 97.8123
1170 97.8123
1170.5 97.8049
1171 97.8086
1171.5 97.8011
1172 97.8123
1172.5 97.8011
1173 97.8086
1173.5 97.8049
1174 97.8123
1174.5 97.8086
1175 97.8086
1175.5 97.8086
1176 97.8049
1176.5 97.8086
1177 97.8049
1177.5 97.8123
1178 97.8086
1178.5 97.8086
1179 97.8086
1179.5 97.8123
1180 97.8086
1180.5 97.8123
1181 97.8123
1181.5 97.8123
1182 97.8198
1182.5 97.8086
1183 97.8086
1183.5 97.8123
1184 97.8123
1184.5 97.8049
1185 97.8086
1185.5 97.8123
1186 97.8086
1186.5 97.8123
1187 97.8086
1187.5 97.8049
1188 97.8123
1188.5 97.8123
1189 97.816
1189.5 97.8086
1190 97.8049
1190.5 97.8123
1191 97.8049
1191.5 97.8123
1192 97.8049
1192.5 97.8086
1193 97.8086
1193.5 97.8086
1194 97.8123
1194.5 97.8123
1195 97.8123
1195.5 97.8123
1196 97.8086
1196.5 97.8123
1197 97.8086
1197.5 97.8086
1198 97.8123
1198.5 97.816
1199 97.8123
1199.5 97.8086
1200 97.816
1200.5 97.8049
1201 97.8123
1201.5 97.8086
1202 97.8123
1202.5 97.8198
1203 97.8049
1203.5 97.8123
1204 97.8086
1204.5 97.8086
1205 97.8086
1205.5 97.816
1206 97.8123
1206.5 97.8086
1207 97.8198
1207.5 97.8086
1208 97.816
1208.5 97.8086
1209 97.8123
1209.5 97.8011
1210 97.8123
1210.5 97.816
1211 97.8086
1211.5 97.8123
1212 97.8049
1212.5 97.8086
1213 97.8123
1213.5 97.8123
1214 97.8123
1214.5 97.8086
1215 97.816
1215.5 97.8123
1216 97.8086
1216.5 97.816
1217 97.8123
1217.5 97.816
1218 97.816
1218.5 97.8123
1219 97.8123
1219.5 97.816
1220 97.8123
1220.5 97.816
1221 97.8123
1221.5 97.8198
1222 97.8123
1222.5 97.816
1223 97.8086
1223.5 97.816
1224 97.816
1224.5 97.816
1225 97.8123
1225.5 97.8198
1226 97.816
1226.5 97.8123
1227 97.8086
1227.5 97.816
1228 97.8123
1228.5 97.8123
1229 97.8086
1229.5 97.8123
1230 97.8086
1230.5 97.816
1231 97.8123
1231.5 97.8123
1232 97.8123
1232.5 97.816
1233 97.816
1233.5 97.8198
1234 97.8123
1234.5 97.8123
1235 97.816
1235.5 97.8123
1236 97.8086
1236.5 97.8123
1237 97.8123
1237.5 97.8198
1238 97.816
1238.5 97.816
1239 97.8123
1239.5 97.816
1240 97.8123
1240.5 97.816
1241 97.816
1241.5 97.8123
1242 97.816
1242.5 97.816
1243 97.816
1243.5 97.816
1244 97.816
1244.5 97.8086
1245 97.8198
1245.5 97.8123
1246 97.8198
1246.5 97.8123
1247 97.8123
1247.5 97.8198
1248 97.8123
1248.5 97.8086
1249 97.816
1249.5 97.816
1250 97.816
1250.5 97.816
1251 97.8123
1251.5 97.8198
1252 97.8123
1252.5 97.816
1253 97.816
1253.5 97.816
1254 97.816
1254.5 97.816
1255 97.816
1255.5 97.8198
1256 97.8086
1256.5 97.8198
1257 97.816
1257.5 97.816
1258 97.816
1258.5 97.816
1259 97.8198
1259.5 97.816
1260 97.816
1260.5 97.816
1261 97.816
1261.5 97.816
1262 97.816
1262.5 97.816
1263 97.816
1263.5 97.8198
1264 97.8198
1264.5 97.816
1265 97.816
1265.5 97.816
1266 97.816
1266.5 97.8198
1267 97.8123
1267.5 97.8123
1268 97.816
1268.5 97.816
1269 97.8198
1269.5 97.8123
1270 97.8123
1270.5 97.8198
1271 97.8123
1271.5 97.816
1272 97.816
1272.5 97.8123
1273 97.8123
1273.5 97.816
1274 97.8123
1274.5 97.8198
1275 97.816
1275.5 97.8086
1276 97.816
1276.5 97.8198
1277 97.816
1277.5 97.8198
1278 97.816
1278.5 97.8235
1279 97.8198
1279.5 97.816
1280 97.8198
1280.5 97.8198
1281 97.816
1281.5 97.8123
1282 97.8198
1282.5 97.816
1283 97.8086
1283.5 97.816
1284 97.8198
1284.5 97.816
1285 97.8198
1285.5 97.8198
1286 97.816
1286.5 97.816
1287 97.816
1287.5 97.816
1288 97.816
1288.5 97.816
1289 97.816
1289.5 97.8123
1290 97.816
1290.5 97.8123
1291 97.8123
1291.5 97.816
1292 97.8198
1292.5 97.816
1293 97.8123
1293.5 97.8198
1294 97.816
1294.5 97.8123
1295 97.816
1295.5 97.816
1296 97.816
1296.5 97.8198
1297 97.8198
1297.5 97.8123
1298 97.816
1298.5 97.8235
1299 97.8198
1299.5 97.816
1300 97.816
1300.5 97.816
1301 97.8198
1301.5 97.8198
1302 97.816
1302.5 97.8198
1303 97.8198
1303.5 97.8198
1304 97.816
1304.5 97.816
1305 97.8123
1305.5 97.8198
1306 97.8198
1306.5 97.8198
1307 97.816
1307.5 97.8086
1308 97.8198
1308.5 97.8198
1309 97.8198
1309.5 97.816
1310 97.8198
1310.5 97.816
1311 97.8198
1311.5 97.8235
1312 97.8198
1312.5 97.8123
1313 97.8123
1313.5 97.816
1314 97.816
1314.5 97.816
1315 97.816
1315.5 97.8235
1316 97.816
1316.5 97.8198
1317 97.816
1317.5 97.816
1318 97.8198
1318.5 97.8198
1319 97.8198
1319.5 97.816
1320 97.8198
1320.5 97.816
1321 97.816
1321.5 97.8123
1322 97.8198
1322.5 97.816
1323 97.8123
1323.5 97.816
1324 97.816
1324.5 97.816
1325 97.8123
1325.5 97.8198
1326 97.8198
1326.5 97.816
1327 97.8198
1327.5 97.8198
1328 97.816
1328.5 97.8198
1329 97.8123
1329.5 97.8198
1330 97.816
1330.5 97.8123
1331 97.8198
1331.5 97.8198
1332 97.816
1332.5 97.816
1333 97.8198
1333.5 97.8123
1334 97.8198
1334.5 97.816
1335 97.8198
1335.5 97.8198
1336 97.816
1336.5 97.8198
1337 97.8198
1337.5 97.8198
1338 97.816
1338.5 97.8123
1339 97.8235
1339.5 97.816
1340 97.8198
1340.5 97.8198
1341 97.8198
1341.5 97.8198
1342 97.8198
1342.5 97.816
1343 97.8198
1343.5 97.816
1344 97.8198
1344.5 97.816
1345 97.816
1345.5 97.8198
1346 97.8235
1346.5 97.8198
1347 97.816
1347.5 97.816
1348 97.8198
1348.5 97.816
1349 97.8198
1349.5 97.8198
1350 97.8198
1350.5 97.8198
1351 97.8198
1351.5 97.816
1352 97.8123
1352.5 97.816
1353 97.816
1353.5 97.8198
1354 97.8235
1354.5 97.816
1355 97.8198
1355.5 97.816
1356 97.816
1356.5 97.816
1357 97.816
1357.5 97.8198
1358 97.8198
1358.5 97.816
1359 97.8198
1359.5 97.816
1360 97.8123
1360.5 97.816
1361 97.816
1361.5 97.8198
1362 97.8198
1362.5 97.8198
1363 97.8198
1363.5 97.816
1364 97.816
1364.5 97.8198
1365 97.8198
1365.5 97.816
1366 97.8198
1366.5 97.8198
1367 97.816
1367.5 97.8198
1368 97.8198
1368.5 97.816
1369 97.816
1369.5 97.8198
1370 97.8198
1370.5 97.8198
1371 97.8198
1371.5 97.8198
1372 97.8198
1372.5 97.8235
1373 97.816
1373.5 97.8123
1374 97.816
1374.5 97.8123
1375 97.816
1375.5 97.8123
1376 97.8198
1376.5 97.8198
1377 97.8198
1377.5 97.8235
1378 97.8198
1378.5 97.8123
1379 97.8235
1379.5 97.8123
1380 97.8272
1380.5 97.8198
1381 97.816
1381.5 97.8198
1382 97.8198
1382.5 97.8198
1383 97.816
1383.5 97.816
1384 97.8235
1384.5 97.8235
1385 97.816
1385.5 97.816
1386 97.816
1386.5 97.816
1387 97.816
1387.5 97.8198
1388 97.816
1388.5 97.8198
1389 97.8198
1389.5 97.8235
1390 97.816
1390.5 97.8198
1391 97.8123
1391.5 97.8123
1392 97.816
1392.5 97.8198
1393 97.8198
1393.5 97.8198
1394 97.8198
1394.5 97.8198
1395 97.8198
1395.5 97.816
1396 97.816
1396.5 97.816
1397 97.8198
1397.5 97.816
1398 97.816
1398.5 97.8198
1399 97.8123
1399.5 97.816
1400 97.816
1400.5 97.8198
1401 97.8235
1401.5 97.816
1402 97.8198
1402.5 97.8198
1403 97.8198
1403.5 97.816
1404 97.8123
1404.5 97.816
1405 97.8198
1405.5 97.8198
1406 97.816
1406.5 97.816
1407 97.8198
1407.5 97.8198
1408 97.8235
1408.5 97.816
1409 97.8198
1409.5 97.8235
1410 97.816
1410.5 97.8235
1411 97.8198
1411.5 97.8198
1412 97.816
1412.5 97.8198
1413 97.8123
1413.5 97.816
1414 97.8123
1414.5 97.8198
1415 97.8198
1415.5 97.8198
1416 97.8198
1416.5 97.8198
1417 97.816
1417.5 97.8198
1418 97.8235
1418.5 97.8198
1419 97.8235
1419.5 97.8198
1420 97.816
1420.5 97.816
1421 97.816
1421.5 97.816
1422 97.8198
1422.5 97.8198
1423 97.816
1423.5 97.8235
1424 97.8198
1424.5 97.8235
1425 97.8198
1425.5 97.8198
1426 97.816
1426.5 97.8235
1427 97.8198
1427.5 97.8198
1428 97.8198
1428.5 97.8198
1429 97.8235
1429.5 97.8198
1430 97.816
1430.5 97.8198
1431 97.816
1431.5 97.8235
1432 97.8198
1432.5 97.8198
1433 97.816
1433.5 97.8123
1434 97.8198
1434.5 97.8198
1435 97.8198
1435.5 97.8198
1436 97.816
1436.5 97.8123
1437 97.8235
1437.5 97.816
1438 97.8198
1438.5 97.8198
1439 97.816
1439.5 97.8198
1440 97.816
1440.5 97.816
1441 97.816
1441.5 97.8198
1442 97.8198
1442.5 97.8198
1443 97.8123
1443.5 97.816
1444 97.8198
1444.5 97.8235
1445 97.816
1445.5 97.8123
1446 97.816
1446.5 97.816
1447 97.8123
1447.5 97.816
1448 97.8198
1448.5 97.8235
1449 97.8198
1449.5 97.8198
1450 97.8235
1450.5 97.8123
1451 97.816
1451.5 97.8198
1452 97.8198
1452.5 97.816
1453 97.8123
1453.5 97.816
1454 97.816
1454.5 97.8123
1455 97.816
1455.5 97.8198
1456 97.8123
1456.5 97.8123
1457 97.8198
1457.5 97.816
1458 97.816
1458.5 97.816
1459 97.8198
1459.5 97.816
1460 97.816
1460.5 97.8198
1461 97.8198
1461.5 97.8235
1462 97.8198
1462.5 97.8123
1463 97.816
1463.5 97.8123
1464 97.8198
1464.5 97.8123
1465 97.816
1465.5 97.8198
1466 97.8235
1466.5 97.816
1467 97.8123
1467.5 97.8198
1468 97.816
1468.5 97.816
1469 97.816
1469.5 97.8198
1470 97.816
1470.5 97.8198
1471 97.816
1471.5 97.8123
1472 97.816
1472.5 97.816
1473 97.816
1473.5 97.816
1474 97.8198
1474.5 97.816
1475 97.816
1475.5 97.8123
1476 97.816
1476.5 97.8198
1477 97.8198
1477.5 97.8198
1478 97.816
1478.5 97.8719
1479 97.8198
1479.5 97.816
1480 97.816
1480.5 97.8198
1481 97.816
1481.5 97.8198
1482 97.816
1482.5 97.8198
1483 97.816
1483.5 97.8123
1484 97.8198
1484.5 97.816
1485 97.816
1485.5 97.8198
1486 97.816
1486.5 97.816
1487 97.8123
1487.5 97.8198
1488 97.8198
1488.5 97.8198
1489 97.816
1489.5 97.816
1490 97.8198
1490.5 97.8198
1491 97.8123
1491.5 97.8198
1492 97.8123
1492.5 97.8198
1493 97.8198
1493.5 97.8198
1494 97.8198
1494.5 97.816
1495 97.8198
1495.5 97.816
1496 97.8198
1496.5 97.8198
1497 97.816
1497.5 97.816
1498 97.816
1498.5 97.816
1499 97.8123
1499.5 97.816
1500 97.8198
1500.5 97.816
1501 97.8123
1501.5 97.8198
1502 97.8198
1502.5 97.8198
1503 97.8198
1503.5 97.816
1504 97.8198
1504.5 97.8235
1505 97.8198
1505.5 97.816
1506 97.8198
1506.5 97.8198
1507 97.816
1507.5 97.8198
1508 97.816
1508.5 97.8198
1509 97.8198
1509.5 97.816
1510 97.816
1510.5 97.816
1511 97.8235
1511.5 97.816
1512 97.816
1512.5 97.816
1513 97.816
1513.5 97.8198
1514 97.816
1514.5 97.8235
1515 97.816
1515.5 97.8123
1516 97.8198
1516.5 97.8123
1517 97.816
1517.5 97.816
1518 97.8198
1518.5 97.8123
1519 97.8198
1519.5 97.8198
1520 97.816
1520.5 97.8198
1521 97.816
1521.5 97.8123
1522 97.816
1522.5 97.8198
1523 97.8123
1523.5 97.8123
1524 97.8198
1524.5 97.8198
1525 97.8198
1525.5 97.816
1526 97.816
1526.5 97.8198
1527 97.8235
1527.5 97.8198
1528 97.8123
1528.5 97.8235
1529 97.8198
1529.5 97.8198
1530 97.8198
1530.5 97.816
1531 97.816
1531.5 97.8198
1532 97.8198
1532.5 97.8235
1533 97.8198
1533.5 97.8235
1534 97.8235
1534.5 97.8235
1535 97.8198
1535.5 97.8198
1536 97.8198
1536.5 97.816
1537 97.8198
1537.5 97.8198
1538 97.816
1538.5 97.8198
1539 97.8235
1539.5 97.8198
1540 97.8198
1540.5 97.8198
1541 97.8123
1541.5 97.816
1542 97.8198
1542.5 97.816
1543 97.8198
1543.5 97.816
1544 97.816
1544.5 97.8198
1545 97.8198
1545.5 97.816
1546 97.816
1546.5 97.816
1547 97.8198
1547.5 97.8198
1548 97.816
1548.5 97.816
1549 97.8198
1549.5 97.816
1550 97.8123
1550.5 97.816
1551 97.8235
1551.5 97.8198
1552 97.816
1552.5 97.816
1553 97.8198
1553.5 97.8123
1554 97.8198
1554.5 97.8198
1555 97.8198
1555.5 97.8235
1556 97.8123
1556.5 97.8198
1557 97.816
1557.5 97.8123
1558 97.816
1558.5 97.816
1559 97.816
1559.5 97.816
1560 97.8198
1560.5 97.8198
1561 97.8198
1561.5 97.8235
1562 97.8198
1562.5 97.816
1563 97.816
1563.5 97.8198
1564 97.8235
1564.5 97.8198
1565 97.8235
1565.5 97.816
1566 97.8235
1566.5 97.8198
1567 97.8198
1567.5 97.8198
1568 97.8123
1568.5 97.8198
1569 97.816
1569.5 97.8198
1570 97.8198
1570.5 97.8198
1571 97.8235
1571.5 97.816
1572 97.8198
1572.5 97.8198
1573 97.8123
1573.5 97.816
1574 97.816
1574.5 97.8198
1575 97.816
1575.5 97.8235
1576 97.8198
1576.5 97.8198
1577 97.8198
1577.5 97.8198
1578 97.816
1578.5 97.8235
1579 97.816
1579.5 97.8198
1580 97.816
1580.5 97.8198
1581 97.8198
1581.5 97.8198
1582 97.8235
1582.5 97.8123
1583 97.816
1583.5 97.8198
1584 97.816
1584.5 97.8198
1585 97.8198
1585.5 97.8198
1586 97.8198
1586.5 97.8198
1587 97.8198
1587.5 97.816
1588 97.816
1588.5 97.816
1589 97.8198
1589.5 97.8198
1590 97.8235
1590.5 97.8235
1591 97.816
1591.5 97.8198
1592 97.8198
1592.5 97.8198
1593 97.8198
1593.5 97.8198
1594 97.8235
1594.5 97.816
1595 97.816
1595.5 97.8198
1596 97.8198
1596.5 97.8198
1597 97.8198
1597.5 97.8198
1598 97.8123
1598.5 97.8198
1599 97.8198
1599.5 97.8198
1600 97.8123
1600.5 97.816
1601 97.816
1601.5 97.816
1602 97.8198
1602.5 97.816
1603 97.8123
1603.5 97.8123
1604 97.8198
1604.5 97.8198
1605 97.8198
1605.5 97.8198
1606 97.8235
1606.5 97.8198
1607 97.816
1607.5 97.816
1608 97.8123
1608.5 97.8123
1609 97.816
1609.5 97.816
1610 97.8198
1610.5 97.8198
1611 97.8198
1611.5 97.8198
1612 97.8123
1612.5 97.8198
1613 97.8198
1613.5 97.8123
1614 97.8123
1614.5 97.816
1615 97.8123
1615.5 97.8198
1616 97.8198
1616.5 97.8198
1617 97.8198
1617.5 97.816
1618 97.8198
1618.5 97.8198
1619 97.816
1619.5 97.8198
1620 97.816
1620.5 97.8123
1621 97.816
1621.5 97.816
1622 97.8198
1622.5 97.8123
1623 97.8198
1623.5 97.8198
1624 97.8198
1624.5 97.816
1625 97.816
1625.5 97.8198
1626 97.816
1626.5 97.816
1627 97.8198
1627.5 97.8198
1628 97.8272
1628.5 97.8198
1629 97.8123
1629.5 97.816
1630 97.816
1630.5 97.816
1631 97.8198
1631.5 97.816
1632 97.8198
1632.5 97.8235
1633 97.816
1633.5 97.8198
1634 97.8123
1634.5 97.8235
1635 97.816
1635.5 97.8198
1636 97.8123
1636.5 97.8198
1637 97.8198
1637.5 97.8198
1638 97.816
1638.5 97.8198
1639 97.8198
1639.5 97.816
1640 97.816
1640.5 97.8198
1641 97.816
1641.5 97.816
1642 97.8086
1642.5 97.816
1643 97.816
1643.5 97.8198
1644 97.8198
1644.5 97.8198
1645 97.816
1645.5 97.816
1646 97.8198
1646.5 97.816
1647 97.816
1647.5 97.8235
1648 97.8198
1648.5 97.8198
1649 97.8198
1649.5 97.816
1650 97.8198
1650.5 97.816
1651 97.8123
1651.5 97.816
1652 97.816
1652.5 97.816
1653 97.816
1653.5 97.8123
1654 97.8235
1654.5 97.8198
1655 97.816
1655.5 97.816
1656 97.816
1656.5 97.816
1657 97.8123
1657.5 97.8123
1658 97.8198
1658.5 97.816
1659 97.816
1659.5 97.8123
1660 97.8235
1660.5 97.8235
1661 97.8198
1661.5 97.8198
1662 97.816
1662.5 97.816
1663 97.816
1663.5 97.816
1664 97.8123
1664.5 97.816
1665 97.8198
1665.5 97.816
1666 97.816
1666.5 97.816
1667 97.816
1667.5 97.8198
1668 97.816
1668.5 97.816
1669 97.8198
1669.5 97.816
1670 97.816
1670.5 97.8123
1671 97.8198
1671.5 97.8198
1672 97.816
1672.5 97.8198
1673 97.816
1673.5 97.8198
1674 97.816
1674.5 97.816
1675 97.8123
1675.5 97.8198
1676 97.8198
1676.5 97.816
1677 97.816
1677.5 97.8123
1678 97.8198
1678.5 97.816
1679 97.816
1679.5 97.816
1680 97.8198
1680.5 97.816
1681 97.8198
1681.5 97.8198
1682 97.8198
1682.5 97.8123
1683 97.8123
1683.5 97.816
1684 97.816
1684.5 97.816
1685 97.8198
1685.5 97.8198
1686 97.8198
1686.5 97.8198
1687 97.816
1687.5 97.8235
1688 97.8198
1688.5 97.8198
1689 97.8198
1689.5 97.816
1690 97.8198
1690.5 97.816
1691 97.8198
1691.5 97.816
1692 97.8198
1692.5 97.8198
1693 97.8198
1693.5 97.8198
1694 97.8123
1694.5 97.8086
1695 97.8123
1695.5 97.816
1696 97.816
1696.5 97.816
1697 97.816
1697.5 97.8198
1698 97.816
1698.5 97.816
1699 97.816
1699.5 97.8198
1700 97.816
1700.5 97.8198
1701 97.8123
1701.5 97.8123
1702 97.8123
1702.5 97.816
1703 97.8198
1703.5 97.8198
1704 97.8198
1704.5 97.8198
1705 97.816
1705.5 97.8123
1706 97.816
1706.5 97.8198
1707 97.816
1707.5 97.816
1708 97.816
1708.5 97.8198
1709 97.816
1709.5 97.816
1710 97.8123
1710.5 97.8123
1711 97.8123
1711.5 97.8123
1712 97.8086
1712.5 97.8123
1713 97.8198
1713.5 97.816
1714 97.816
1714.5 97.8123
1715 97.8123
1715.5 97.816
1716 97.8198
1716.5 97.8198
1717 97.8198
1717.5 97.816
1718 97.816
1718.5 97.816
1719 97.816
1719.5 97.816
1720 97.816
1720.5 97.8123
1721 97.816
1721.5 97.8123
1722 97.816
1722.5 97.8123
1723 97.8123
1723.5 97.8123
1724 97.816
1724.5 97.816
1725 97.8123
1725.5 97.8123
1726 97.8198
1726.5 97.816
1727 97.816
1727.5 97.816
1728 97.8198
1728.5 97.816
1729 97.816
1729.5 97.8123
1730 97.8123
1730.5 97.816
1731 97.8123
1731.5 97.8123
1732 97.8123
1732.5 97.816
1733 97.8198
1733.5 97.8123
1734 97.816
1734.5 97.816
1735 97.816
1735.5 97.8235
1736 97.8198
1736.5 97.8198
1737 97.8198
1737.5 97.8123
1738 97.8123
1738.5 97.8123
1739 97.816
1739.5 97.8086
1740 97.8123
1740.5 97.816
1741 97.8086
1741.5 97.816
1742 97.8123
1742.5 97.8123
1743 97.8198
1743.5 97.816
1744 97.816
1744.5 97.8123
1745 97.8123
1745.5 97.816
1746 97.8123
1746.5 97.816
1747 97.816
1747.5 97.816
1748 97.816
1748.5 97.8123
1749 97.8123
1749.5 97.8123
1750 97.8086
1750.5 97.816
1751 97.8123
1751.5 97.8086
1752 97.8086
1752.5 97.8123
1753 97.8123
1753.5 97.8123
1754 97.816
1754.5 97.816
1755 97.8198
1755.5 97.8123
1756 97.8198
1756.5 97.816
1757 97.816
1757.5 97.8123
1758 97.816
1758.5 97.8123
1759 97.8198
1759.5 97.816
1760 97.8123
1760.5 97.8198
1761 97.8198
1761.5 97.816
1762 97.816
1762.5 97.816
1763 97.8198
1763.5 97.8198
1764 97.8198
1764.5 97.8123
1765 97.8198
1765.5 97.816
1766 97.8198
1766.5 97.816
1767 97.816
1767.5 97.8198
1768 97.8198
1768.5 97.8123
1769 97.8198
1769.5 97.8123
1770 97.8123
1770.5 97.816
1771 97.816
1771.5 97.8123
1772 97.8123
1772.5 97.816
1773 97.816
1773.5 97.816
1774 97.8123
1774.5 97.8123
1775 97.816
1775.5 97.816
1776 97.816
1776.5 97.816
1777 97.8123
1777.5 97.8123
1778 97.8123
1778.5 97.8086
1779 97.8123
1779.5 97.816
1780 97.8123
1780.5 97.816
1781 97.816
1781.5 97.8123
1782 97.8198
1782.5 97.8198
1783 97.816
1783.5 97.816
1784 97.816
1784.5 97.816
1785 97.816
1785.5 97.8123
1786 97.8123
1786.5 97.816
1787 97.8123
1787.5 97.8123
1788 97.8086
1788.5 97.816
1789 97.8123
1789.5 97.8123
1790 97.8123
1790.5 97.816
1791 97.816
1791.5 97.816
1792 97.8086
1792.5 97.8123
1793 97.816
1793.5 97.8123
1794 97.8086
1794.5 97.8123
1795 97.816
1795.5 97.8086
1796 97.8123
1796.5 97.816
1797 97.8123
1797.5 97.8123
1798 97.8123
1798.5 97.8198
1799 97.816
1799.5 97.8123
1800 97.8086
1800.5 97.8123
1801 97.8123
1801.5 97.8123
1802 97.816
1802.5 97.816
1803 97.8123
1803.5 97.8198
1804 97.8123
1804.5 97.816
1805 97.8086
1805.5 97.816
1806 97.8086
1806.5 97.8123
1807 97.816
1807.5 97.816
1808 97.8123
1808.5 97.8086
1809 97.816
1809.5 97.8123
1810 97.816
1810.5 97.816
1811 97.8123
1811.5 97.8198
1812 97.816
1812.5 97.8086
1813 97.8123
1813.5 97.8123
1814 97.816
1814.5 97.8123
1815 97.8123
1815.5 97.8123
1816 97.8123
1816.5 97.816
1817 97.8123
1817.5 97.8086
1818 97.8086
1818.5 97.8123
1819 97.816
1819.5 97.816
1820 97.8123
1820.5 97.8123
1821 97.8123
1821.5 97.816
1822 97.8123
1822.5 97.816
1823 97.816
1823.5 97.816
1824 97.8123
1824.5 97.816
1825 97.816
1825.5 97.816
1826 97.816
1826.5 97.8123
1827 97.8198
1827.5 97.8235
1828 97.8123
1828.5 97.816
1829 97.8198
1829.5 97.8123
1830 97.816
1830.5 97.816
1831 97.816
1831.5 97.8123
1832 97.8198
1832.5 97.8235
1833 97.816
1833.5 97.8123
1834 97.8086
1834.5 97.8123
1835 97.8123
1835.5 97.816
1836 97.816
1836.5 97.8123
1837 97.8123
1837.5 97.8123
1838 97.8198
1838.5 97.816
1839 97.8123
1839.5 97.816
1840 97.816
1840.5 97.8123
1841 97.816
1841.5 97.816
1842 97.816
1842.5 97.8198
1843 97.8123
1843.5 97.816
1844 97.8123
1844.5 97.816
1845 97.8123
1845.5 97.816
1846 97.816
1846.5 97.8123
1847 97.8086
1847.5 97.816
1848 97.8123
1848.5 97.816
1849 97.8123
1849.5 97.8123
1850 97.816
1850.5 97.8198
1851 97.816
1851.5 97.816
1852 97.816
1852.5 97.8123
1853 97.8123
1853.5 97.8086
1854 97.8123
1854.5 97.8086
1855 97.816
1855.5 97.8123
1856 97.8123
1856.5 97.816
1857 97.816
1857.5 97.8123
1858 97.816
1858.5 97.8123
1859 97.8123
1859.5 97.8123
1860 97.8123
1860.5 97.816
1861 97.8123
1861.5 97.8123
1862 97.8123
1862.5 97.8123
1863 97.816
1863.5 97.8123
1864 97.8123
1864.5 97.8123
1865 97.8086
1865.5 97.8123
1866 97.816
1866.5 97.8123
1867 97.816
1867.5 97.8123
1868 97.816
1868.5 97.8123
1869 97.8123
1869.5 97.816
1870 97.8123
1870.5 97.816
1871 97.8198
1871.5 97.8123
1872 97.8086
1872.5 97.8123
1873 97.8123
1873.5 97.816
1874 97.8123
1874.5 97.8123
1875 97.816
1875.5 97.8198
1876 97.816
1876.5 97.8123
1877 97.8123
1877.5 97.8123
1878 97.816
1878.5 97.8198
1879 97.8086
1879.5 97.8086
1880 97.816
1880.5 97.8123
1881 97.8086
1881.5 97.8123
1882 97.8123
1882.5 97.8123
1883 97.8123
1883.5 97.8123
1884 97.8086
1884.5 97.816
1885 97.8049
1885.5 97.8086
1886 97.816
1886.5 97.816
1887 97.8123
1887.5 97.8086
1888 97.8123
1888.5 97.8049
1889 97.8086
1889.5 97.8123
1890 97.8086
1890.5 97.8123
1891 97.816
1891.5 97.816
1892 97.8086
1892.5 97.8086
1893 97.816
1893.5 97.8198
1894 97.816
1894.5 97.8198
1895 97.8123
1895.5 97.816
1896 97.816
1896.5 97.816
1897 97.816
1897.5 97.816
1898 97.816
1898.5 97.8123
1899 97.8123
1899.5 97.8123
1900 97.8198
1900.5 97.8086
1901 97.816
1901.5 97.8123
1902 97.8123
1902.5 97.816
1903 97.816
1903.5 97.8086
1904 97.8123
1904.5 97.8123
1905 97.816
1905.5 97.8086
1906 97.8123
1906.5 97.8123
1907 97.816
1907.5 97.8123
1908 97.8086
1908.5 97.8086
1909 97.8123
1909.5 97.8086
1910 97.8123
1910.5 97.8086
1911 97.8086
1911.5 97.8123
1912 97.8123
1912.5 97.816
1913 97.8086
1913.5 97.8086
1914 97.8123
1914.5 97.8123
1915 97.8086
1915.5 97.816
1916 97.8123
1916.5 97.8123
1917 97.8086
1917.5 97.8123
1918 97.816
1918.5 97.816
1919 97.8123
1919.5 97.8123
1920 97.8123
1920.5 97.816
1921 97.8086
1921.5 97.8123
1922 97.8123
1922.5 97.816
1923 97.8123
1923.5 97.8198
1924 97.816
1924.5 97.8123
1925 97.8123
1925.5 97.8235
1926 97.8086
1926.5 97.816
1927 97.816
1927.5 97.816
1928 97.8123
1928.5 97.8198
1929 97.8123
1929.5 97.816
1930 97.8086
1930.5 97.8086
1931 97.8086
1931.5 97.8123
1932 97.8123
1932.5 97.8272
1933 97.8123
1933.5 97.8123
1934 97.8123
1934.5 97.8123
1935 97.8086
1935.5 97.8123
1936 97.8123
1936.5 97.8123
1937 97.8123
1937.5 97.8123
1938 97.8086
1938.5 97.8123
1939 97.8086
1939.5 97.8123
1940 97.8123
1940.5 97.8123
1941 97.8123
1941.5 97.8123
1942 97.8086
1942.5 97.8123
1943 97.8086
1943.5 97.8086
1944 97.8123
1944.5 97.8086
1945 97.8086
1945.5 97.8049
1946 97.8123
1946.5 97.8086
1947 97.8123
1947.5 97.816
1948 97.8123
1948.5 97.8123
1949 97.8123
1949.5 97.8123
1950 97.8123
1950.5 97.8123
1951 97.8086
1951.5 97.8123
1952 97.8049
1952.5 97.8086
1953 97.8123
1953.5 97.8086
1954 97.8086
1954.5 97.8123
1955 97.8049
1955.5 97.8086
1956 97.8123
1956.5 97.8086
1957 97.8086
1957.5 97.8123
1958 97.8086
1958.5 97.8086
1959 97.8123
1959.5 97.8086
1960 97.8123
1960.5 97.8123
1961 97.8086
1961.5 97.8123
1962 97.8086
1962.5 97.8123
1963 97.8049
1963.5 97.8086
1964 97.8086
1964.5 97.8123
1965 97.8086
1965.5 97.8086
1966 97.8123
1966.5 97.8123
1967 97.8086
1967.5 97.8086
1968 97.8086
1968.5 97.816
1969 97.8123
1969.5 97.8086
1970 97.816
1970.5 97.8086
1971 97.8123
1971.5 97.8123
1972 97.816
1972.5 97.8086
1973 97.8086
1973.5 97.8049
1974 97.8123
1974.5 97.8123
1975 97.8086
1975.5 97.8086
1976 97.816
1976.5 97.8086
1977 97.8086
1977.5 97.8123
1978 97.8123
1978.5 97.816
1979 97.8123
1979.5 97.8198
1980 97.8123
1980.5 97.8086
1981 97.8123
1981.5 97.8123
1982 97.8049
1982.5 97.816
1983 97.8123
1983.5 97.8086
1984 97.8086
1984.5 97.8086
1985 97.816
1985.5 97.8123
1986 97.8123
1986.5 97.8086
1987 97.8123
1987.5 97.8086
1988 97.8086
1988.5 97.8086
1989 97.8049
1989.5 97.8049
1990 97.816
1990.5 97.8049
1991 97.8086
1991.5 97.8123
1992 97.8086
1992.5 97.8049
1993 97.8049
1993.5 97.8049
1994 97.8086
1994.5 97.8086
1995 97.8086
1995.5 97.8086
1996 97.8086
1996.5 97.8123
1997 97.8049
1997.5 97.8049
1998 97.8086
1998.5 97.8049
1999 97.8086
1999.5 97.8011
2000 97.8086
2000.5 97.8049
2001 97.8086
2001.5 97.8049
2002 97.8086
2002.5 97.8123
2003 97.8049
2003.5 97.8049
2004 97.8086
2004.5 97.8123
2005 97.8086
2005.5 97.8086
2006 97.8086
2006.5 97.8049
2007 97.8086
2007.5 97.8086
2008 97.8086
2008.5 97.8086
2009 97.8011
2009.5 97.8086
2010 97.8086
2010.5 97.8049
2011 97.8049
2011.5 97.8086
2012 97.8086
2012.5 97.8086
2013 97.8049
2013.5 97.8123
2014 97.8049
2014.5 97.8011
2015 97.8086
2015.5 97.8086
2016 97.8011
2016.5 97.8049
2017 97.8086
2017.5 97.8049
2018 97.8011
2018.5 97.8049
2019 97.8049
2019.5 97.8086
2020 97.8049
2020.5 97.8049
2021 97.8049
2021.5 97.8049
2022 97.8086
2022.5 97.8049
2023 97.8086
2023.5 97.8086
2024 97.8049
2024.5 97.8086
2025 97.8011
2025.5 97.8011
2026 97.8086
2026.5 97.8049
2027 97.8086
2027.5 97.8086
2028 97.8086
2028.5 97.8011
2029 97.8049
2029.5 97.8049
2030 97.8049
2030.5 97.8086
2031 97.8086
2031.5 97.8011
2032 97.8198
2032.5 97.8086
2033 97.8049
2033.5 97.8123
2034 97.8049
2034.5 97.8086
2035 97.8049
2035.5 97.8086
2036 97.8421
2036.5 97.8086
2037 97.8086
2037.5 97.8049
2038 97.8086
2038.5 97.8049
2039 97.8049
2039.5 97.8123
2040 97.8086
2040.5 97.8049
2041 97.8011
2041.5 97.8086
2042 97.8086
2042.5 97.8049
2043 97.8086
2043.5 97.8123
2044 97.8049
2044.5 97.8086
2045 97.8086
2045.5 97.8086
2046 97.816
2046.5 97.8049
2047 97.8049
2047.5 97.8011
2048 97.8086
2048.5 97.8123
2049 97.8049
2049.5 97.8086
2050 97.8011
2050.5 97.8086
2051 97.8086
2051.5 97.8086
2052 97.8086
2052.5 97.8049
2053 97.8086
2053.5 97.8049
2054 97.8011
2054.5 97.8049
2055 97.8123
2055.5 97.8086
2056 97.8049
2056.5 97.8086
2057 97.8086
2057.5 97.8049
2058 97.8049
2058.5 97.8011
2059 97.8086
2059.5 97.8049
2060 97.8086
2060.5 97.8049
2061 97.8049
2061.5 97.8049
2062 97.8049
2062.5 97.8011
2063 97.8049
2063.5 97.8086
2064 97.8049
2064.5 97.8049
2065 97.8011
2065.5 97.8049
2066 97.8086
2066.5 97.8049
2067 97.8086
2067.5 97.8011
2068 97.8011
2068.5 97.8086
2069 97.8049
2069.5 97.8049
2070 97.8086
2070.5 97.8086
2071 97.8049
2071.5 97.8011
2072 97.8086
2072.5 97.8049
2073 97.8086
2073.5 97.8049
2074 97.8049
2074.5 97.8011
2075 97.8049
2075.5 97.8049
2076 97.8086
2076.5 97.8011
2077 97.8049
2077.5 97.8049
2078 97.8011
2078.5 97.8123
2079 97.8049
2079.5 97.8086
2080 97.8049
2080.5 97.8049
2081 97.8049
2081.5 97.8049
2082 97.8086
2082.5 97.8049
2083 97.8086
2083.5 97.8086
2084 97.8011
2084.5 97.8049
2085 97.8049
2085.5 97.8086
2086 97.8086
2086.5 97.8011
2087 97.8049
2087.5 97.8049
2088 97.8011
2088.5 97.8011
2089 97.8086
2089.5 97.8049
2090 97.8049
2090.5 97.8049
2091 97.8086
2091.5 97.8049
2092 97.8011
2092.5 97.8049
2093 97.8086
2093.5 97.8086
2094 97.8086
2094.5 97.8011
2095 97.8086
2095.5 97.8049
2096 97.8049
2096.5 97.8049
2097 97.8011
2097.5 97.8049
2098 97.8011
2098.5 97.8049
2099 97.8049
2099.5 97.8049
2100 97.8049
2100.5 97.8011
2101 97.8086
2101.5 97.8086
2102 97.8086
2102.5 97.8123
2103 97.8049
2103.5 97.8011
2104 97.8049
2104.5 97.8011
2105 97.7937
2105.5 97.8049
2106 97.8086
2106.5 97.8011
2107 97.8049
2107.5 97.8011
2108 97.8011
2108.5 97.8011
2109 97.8011
2109.5 97.8011
2110 97.7937
2110.5 97.8049
2111 97.8049
2111.5 97.8049
2112 97.8011
2112.5 97.8011
2113 97.8086
2113.5 97.8049
2114 97.8011
2114.5 97.8011
2115 97.8011
2115.5 97.8011
2116 97.8049
2116.5 97.8049
2117 97.8049
2117.5 97.7937
2118 97.7937
2118.5 97.8049
2119 97.8011
2119.5 97.8011
2120 97.8011
2120.5 97.8049
2121 97.8049
2121.5 97.7937
2122 97.8049
2122.5 97.79
2123 97.8086
2123.5 97.8011
2124 97.8049
2124.5 97.8049
2125 97.8049
2125.5 97.8049
2126 97.8049
2126.5 97.8049
2127 97.8049
2127.5 97.8049
2128 97.8086
2128.5 97.8011
2129 97.8086
2129.5 97.8086
2130 97.8049
2130.5 97.8049
2131 97.8011
2131.5 97.8011
2132 97.8049
2132.5 97.8049
2133 97.8049
2133.5 97.8011
2134 97.8049
2134.5 97.8049
2135 97.8011
2135.5 97.7937
2136 97.7937
2136.5 97.7937
2137 97.8011
2137.5 97.8011
2138 97.8011
2138.5 97.8049
2139 97.8049
2139.5 97.7937
2140 97.8011
2140.5 97.7937
2141 97.8049
2141.5 97.8049
2142 97.8049
2142.5 97.8011
2143 97.8011
2143.5 97.8011
2144 97.8011
2144.5 97.8011
2145 97.8011
2145.5 97.8011
2146 97.8011
2146.5 97.8049
2147 97.8011
2147.5 97.7937
2148 97.7937
2148.5 97.8049
2149 97.8011
2149.5 97.8011
2150 97.8086
2150.5 97.7937
2151 97.8086
2151.5 97.8049
2152 97.8011
2152.5 97.8049
2153 97.8049
2153.5 97.8123
2154 97.8049
2154.5 97.8049
2155 97.8011
2155.5 97.8049
2156 97.7937
2156.5 97.8011
2157 97.8011
2157.5 97.7937
2158 97.8011
2158.5 97.7937
2159 97.7937
2159.5 97.7937
2160 97.7937
2160.5 97.7937
2161 97.8011
2161.5 97.7937
2162 97.8011
2162.5 97.8011
2163 97.7937
2163.5 97.8011
2164 97.8011
2164.5 97.8011
2165 97.7937
2165.5 97.7937
2166 97.8011
2166.5 97.8011
2167 97.8011
2167.5 97.8049
2168 97.8011
2168.5 97.8011
2169 97.8049
2169.5 97.7937
2170 97.8011
2170.5 97.79
2171 97.7937
2171.5 97.7937
2172 97.7937
2172.5 97.7937
2173 97.8011
2173.5 97.8049
2174 97.7937
2174.5 97.8011
2175 97.8011
2175.5 97.79
2176 97.8011
2176.5 97.7937
2177 97.8011
2177.5 97.8049
2178 97.8011
2178.5 97.8011
2179 97.7937
2179.5 97.8011
2180 97.8011
2180.5 97.7937
2181 97.8011
2181.5 97.8011
2182 97.8011
2182.5 97.8011
2183 97.8011
2183.5 97.8011
2184 97.8049
2184.5 97.8049
2185 97.8049
2185.5 97.8011
2186 97.8011
2186.5 97.79
2187 97.7937
2187.5 97.8049
2188 97.8011
2188.5 97.8011
2189 97.7937
2189.5 97.7937
2190 97.7937
2190.5 97.7937
2191 97.8011
2191.5 97.8049
2192 97.8011
2192.5 97.8049
2193 97.8011
2193.5 97.7937
2194 97.8011
2194.5 97.7937
2195 97.7937
2195.5 97.7937
2196 97.7937
2196.5 97.7937
2197 97.7937
2197.5 97.8049
2198 97.7937
2198.5 97.8011
2199 97.8011
2199.5 97.79
2200 97.8011
2200.5 97.8011
2201 97.8011
2201.5 97.8011
2202 97.7937
2202.5 97.8011
2203 97.8011
2203.5 97.8011
2204 97.7937
2204.5 97.7937
2205 97.7937
2205.5 97.8011
2206 97.7937
2206.5 97.8011
2207 97.8011
2207.5 97.8086
2208 97.8011
2208.5 97.8049
2209 97.8011
2209.5 97.7937
2210 97.8011
2210.5 97.7937
2211 97.8011
2211.5 97.8011
2212 97.7937
2212.5 97.8011
2213 97.7937
2213.5 97.8011
2214 97.7937
2214.5 97.8011
2215 97.8049
2215.5 97.8049
2216 97.8011
2216.5 97.8011
2217 97.8011
2217.5 97.8011
2218 97.8049
2218.5 97.8011
2219 97.8011
2219.5 97.7937
2220 97.8011
2220.5 97.8049
2221 97.8011
2221.5 97.7937
2222 97.7937
2222.5 97.8011
2223 97.8011
2223.5 97.8011
2224 97.8011
2224.5 97.8049
2225 97.7937
2225.5 97.7937
2226 97.7937
2226.5 97.8049
2227 97.7937
2227.5 97.7937
2228 97.7937
2228.5 97.79
2229 97.79
2229.5 97.7937
2230 97.7937
2230.5 97.8011
2231 97.7937
2231.5 97.8011
2232 97.7937
2232.5 97.79
2233 97.8011
2233.5 97.8011
2234 97.7937
2234.5 97.8011
2235 97.7937
2235.5 97.79
2236 97.7937
2236.5 97.7937
2237 97.8011
2237.5 97.7937
2238 97.8011
2238.5 97.7937
2239 97.7937
2239.5 97.7937
2240 97.7937
2240.5 97.7937
2241 97.8011
2241.5 97.7937
2242 97.7937
2242.5 97.8011
2243 97.7937
2243.5 97.8011
2244 97.8011
2244.5 97.8011
2245 97.7937
2245.5 97.8011
2246 97.7937
2246.5 97.79
2247 97.7937
2247.5 97.8011
2248 97.7937
2248.5 97.7937
2249 97.8011
2249.5 97.8011
2250 97.7937
2250.5 97.7937
2251 97.8011
2251.5 97.7937
2252 97.8011
2252.5 97.7937
2253 97.8049
2253.5 97.7937
2254 97.8011
2254.5 97.7937
2255 97.8011
2255.5 97.7937
2256 97.8011
2256.5 97.79
2257 97.8049
2257.5 97.8011
2258 97.79
2258.5 97.8011
2259 97.8011
2259.5 97.7937
2260 97.8049
2260.5 97.8011
2261 97.8011
2261.5 97.8011
2262 97.79
2262.5 97.8011
2263 97.7937
2263.5 97.8011
2264 97.8011
2264.5 97.7937
2265 97.7937
2265.5 97.7937
2266 97.7937
2266.5 97.8011
2267 97.7937
2267.5 97.8011
2268 97.8011
2268.5 97.8011
2269 97.79
2269.5 97.7937
2270 97.8011
2270.5 97.79
2271 97.7937
2271.5 97.79
2272 97.7937
2272.5 97.7937
2273 97.7937
2273.5 97.7937
2274 97.7937
2274.5 97.79
2275 97.7937
2275.5 97.7937
2276 97.79
2276.5 97.7937
2277 97.7937
2277.5 97.7937
2278 97.8011
2278.5 97.8011
2279 97.7937
2279.5 97.8049
2280 97.79
2280.5 97.7937
2281 97.7937
2281.5 97.7937
2282 97.7937
2282.5 97.7937
2283 97.7937
2283.5 97.79
2284 97.79
2284.5 97.8049
2285 97.7937
2285.5 97.79
2286 97.7937
2286.5 97.7937
2287 97.7937
2287.5 97.79
2288 97.7937
2288.5 97.7937
2289 97.8011
2289.5 97.7937
2290 97.79
2290.5 97.8011
2291 97.7937
2291.5 97.8011
2292 97.8011
2292.5 97.7937
2293 97.7937
2293.5 97.8011
2294 97.79
2294.5 97.79
2295 97.7937
2295.5 97.8011
2296 97.79
2296.5 97.8011
2297 97.7937
2297.5 97.8011
2298 97.7937
2298.5 97.79
2299 97.7937
2299.5 97.79
2300 97.79
2300.5 97.79
2301 97.79
2301.5 97.7937
2302 97.7937
2302.5 97.7937
2303 97.79
2303.5 97.7937
2304 97.7937
2304.5 97.7937
2305 97.7937
2305.5 97.8011
2306 97.7937
2306.5 97.7937
2307 97.7937
2307.5 97.7937
2308 97.7937
2308.5 97.8049
2309 97.7937
2309.5 97.7937
2310 97.8011
2310.5 97.7937
2311 97.79
2311.5 97.8011
2312 97.7937
2312.5 97.7937
2313 97.7937
2313.5 97.79
2314 97.79
2314.5 97.7937
2315 97.79
2315.5 97.7937
2316 97.7937
2316.5 97.7937
2317 97.8011
2317.5 97.7937
2318 97.8011
2318.5 97.7937
2319 97.7862
2319.5 97.79
2320 97.7937
2320.5 97.79
2321 97.79
2321.5 97.7937
2322 97.7937
2322.5 97.7937
2323 97.79
2323.5 97.79
2324 97.7937
2324.5 97.7937
2325 97.8011
2325.5 97.79
2326 97.7937
2326.5 97.7937
2327 97.7937
2327.5 97.79
2328 97.7937
2328.5 97.79
2329 97.7937
2329.5 97.79
2330 97.7937
2330.5 97.8011
2331 97.8011
2331.5 97.7937
2332 97.79
2332.5 97.7937
2333 97.79
2333.5 97.79
2334 97.79
2334.5 97.7937
2335 97.8011
2335.5 97.79
2336 97.7862
2336.5 97.8011
2337 97.79
2337.5 97.7937
2338 97.7937
2338.5 97.7937
2339 97.7937
2339.5 97.7937
2340 97.7937
2340.5 97.7937
2341 97.7937
2341.5 97.79
2342 97.7937
2342.5 97.8011
2343 97.7862
2343.5 97.7937
2344 97.79
2344.5 97.7862
2345 97.8011
2345.5 97.79
2346 97.79
2346.5 97.7937
2347 97.7937
2347.5 97.79
2348 97.8011
2348.5 97.79
2349 97.8011
2349.5 97.79
2350 97.7937
2350.5 97.7937
2351 97.8011
2351.5 97.8049
2352 97.7862
2352.5 97.79
2353 97.816
2353.5 97.8049
2354 97.8011
2354.5 97.7937
2355 97.7937
2355.5 97.7937
2356 97.7937
2356.5 97.7937
2357 97.8011
2357.5 97.79
2358 97.7937
2358.5 97.7937
2359 97.8049
2359.5 97.7937
2360 97.7937
2360.5 97.79
2361 97.79
2361.5 97.79
2362 97.7937
2362.5 97.7937
2363 97.8011
2363.5 97.8011
2364 97.8011
2364.5 97.79
2365 97.7937
2365.5 97.79
2366 97.7937
2366.5 97.79
2367 97.7937
2367.5 97.7937
2368 97.8011
2368.5 97.79
2369 97.7937
2369.5 97.7937
2370 97.8011
2370.5 97.79
2371 97.7937
2371.5 97.8011
2372 97.79
2372.5 97.7937
2373 97.7937
2373.5 97.79
2374 97.8011
2374.5 97.8011
2375 97.7937
2375.5 97.7937
2376 97.79
2376.5 97.7937
2377 97.79
2377.5 97.7862
2378 97.7937
2378.5 97.8011
2379 97.79
2379.5 97.7937
2380 97.79
2380.5 97.7937
2381 97.79
2381.5 97.79
2382 97.7937
2382.5 97.79
2383 97.79
2383.5 97.79
2384 97.79
2384.5 97.7937
2385 97.79
2385.5 97.8011
2386 97.8011
2386.5 97.79
2387 97.7937
2387.5 97.7937
2388 97.7937
2388.5 97.79
2389 97.7862
2389.5 97.7937
2390 97.79
2390.5 97.7862
2391 97.79
2391.5 97.79
2392 97.8011
2392.5 97.7937
2393 97.7937
2393.5 97.8011
2394 97.79
2394.5 97.7937
2395 97.79
2395.5 97.7937
2396 97.7862
2396.5 97.8011
2397 97.7862
2397.5 97.79
2398 97.7862
2398.5 97.79
2399 97.7862
2399.5 97.7862
2400 97.79
2400.5 97.79
2401 97.8011
2401.5 97.7937
2402 97.79
2402.5 97.79
2403 97.7937
2403.5 97.9204
2404 97.79
2404.5 97.7862
2405 97.79
2405.5 97.79
2406 97.7937
2406.5 97.79
2407 97.7862
2407.5 97.7937
2408 97.7937
2408.5 97.7862
2409 97.79
2409.5 97.79
2410 97.7862
2410.5 97.79
2411 97.7937
2411.5 97.7937
2412 97.7862
2412.5 97.7862
2413 97.7937
2413.5 97.7937
2414 97.79
2414.5 97.7937
2415 97.79
2415.5 97.79
2416 97.7862
2416.5 97.7937
2417 97.7937
2417.5 97.79
2418 97.7937
2418.5 97.7937
2419 97.7937
2419.5 97.7862
2420 97.7937
2420.5 97.7862
2421 97.79
2421.5 97.79
2422 97.7937
2422.5 97.79
2423 97.79
2423.5 97.7937
2424 97.7862
2424.5 97.79
2425 97.79
2425.5 97.8011
2426 97.7937
2426.5 97.79
2427 97.7862
2427.5 97.7937
2428 97.7937
2428.5 97.79
2429 97.7937
2429.5 97.79
2430 97.7937
2430.5 97.79
2431 97.7937
2431.5 97.8011
2432 97.79
2432.5 97.79
2433 97.79
2433.5 97.79
2434 97.79
2434.5 97.7937
2435 97.79
2435.5 97.79
2436 97.7937
2436.5 97.7937
2437 97.7937
2437.5 97.7937
2438 97.79
2438.5 97.7937
2439 97.79
2439.5 97.79
2440 97.79
2440.5 97.79
2441 97.79
2441.5 97.79
2442 97.79
2442.5 97.7937
2443 97.7862
2443.5 97.8011
2444 97.79
2444.5 97.79
2445 97.7937
2445.5 97.7937
2446 97.79
2446.5 97.7937
2447 97.79
2447.5 97.7862
2448 97.7862
2448.5 97.79
2449 97.7937
2449.5 97.79
2450 97.79
2450.5 97.7862
2451 97.7862
2451.5 97.7937
2452 97.7825
2452.5 97.79
2453 97.79
2453.5 97.7937
2454 97.7937
2454.5 97.79
2455 97.7937
2455.5 97.79
2456 97.79
2456.5 97.8049
2457 97.7937
2457.5 97.79
2458 97.7937
2458.5 97.7937
2459 97.8011
2459.5 97.7937
2460 97.7937
2460.5 97.7937
2461 97.7937
2461.5 97.79
2462 97.79
2462.5 97.79
2463 97.7862
2463.5 97.79
2464 97.7862
2464.5 97.8011
2465 97.79
2465.5 97.8011
2466 97.7825
2466.5 97.79
2467 97.79
2467.5 97.79
2468 97.79
2468.5 97.79
2469 97.7937
2469.5 97.79
2470 97.7937
2470.5 97.79
2471 97.79
2471.5 97.7937
2472 97.79
2472.5 97.79
2473 97.7862
2473.5 97.79
2474 97.79
2474.5 97.7937
2475 97.7862
2475.5 97.7862
2476 97.7937
2476.5 97.7937
2477 97.79
2477.5 97.79
2478 97.79
2478.5 97.7937
2479 97.79
2479.5 97.79
2480 97.79
2480.5 97.7937
2481 97.79
2481.5 97.79
2482 97.79
2482.5 97.7937
2483 97.79
2483.5 97.7862
2484 97.7937
2484.5 97.7937
2485 97.79
2485.5 97.79
2486 97.79
2486.5 97.7937
2487 97.79
2487.5 97.79
2488 97.79
2488.5 97.79
2489 97.79
2489.5 97.7937
2490 97.79
2490.5 97.79
2491 97.79
2491.5 97.7862
2492 97.7937
2492.5 97.7862
2493 97.7937
2493.5 97.79
2494 97.79
2494.5 97.79
2495 97.79
2495.5 97.79
2496 97.79
2496.5 97.79
2497 97.7937
2497.5 97.7937
2498 97.79
2498.5 97.7937
2499 97.79
2499.5 97.7937
2500 97.7937
2500.5 97.79
2501 97.79
2501.5 97.7937
2502 97.8011
2502.5 97.7937
2503 97.79
2503.5 97.7937
2504 97.7862
2504.5 97.7937
2505 97.7825
2505.5 97.7937
2506 97.7937
2506.5 97.7937
2507 97.79
2507.5 97.79
2508 97.79
2508.5 97.7862
2509 97.79
2509.5 97.79
2510 97.79
2510.5 97.79
2511 97.79
2511.5 97.79
2512 97.7825
2512.5 97.8011
2513 97.7937
2513.5 97.7862
2514 97.79
2514.5 97.7937
2515 97.79
2515.5 97.79
2516 97.7937
2516.5 97.79
2517 97.79
2517.5 97.7937
2518 97.7937
2518.5 97.7937
2519 97.79
2519.5 97.79
2520 97.8011
2520.5 97.7937
2521 97.79
2521.5 97.79
2522 97.79
2522.5 97.79
2523 97.7937
2523.5 97.7862
2524 97.7862
2524.5 97.79
2525 97.7862
2525.5 97.7862
2526 97.79
2526.5 97.79
2527 97.7862
2527.5 97.7862
2528 97.79
2528.5 97.7862
2529 97.7862
2529.5 97.79
2530 97.7862
2530.5 97.7937
2531 97.79
2531.5 97.7862
2532 97.7862
2532.5 97.7937
2533 97.79
2533.5 97.7937
2534 97.7862
2534.5 97.79
2535 97.79
2535.5 97.79
2536 97.7937
2536.5 97.79
2537 97.79
2537.5 97.79
2538 97.79
2538.5 97.8011
2539 97.7862
2539.5 97.79
2540 97.7937
2540.5 97.7937
2541 97.8049
2541.5 97.7937
2542 97.7862
2542.5 97.79
2543 97.7937
2543.5 97.7862
2544 97.79
2544.5 97.79
2545 97.79
2545.5 97.8049
2546 97.79
2546.5 97.79
2547 97.79
2547.5 97.7862
2548 97.79
2548.5 97.7937
2549 97.7937
2549.5 97.7937
2550 97.7937
2550.5 97.7862
2551 97.79
2551.5 97.7862
2552 97.7862
2552.5 97.7862
2553 97.7862
2553.5 97.79
2554 97.7862
2554.5 97.79
2555 97.7937
2555.5 97.7862
2556 97.7862
2556.5 97.7862
2557 97.7862
2557.5 97.79
2558 97.79
2558.5 97.7937
2559 97.79
2559.5 97.79
2560 97.7937
2560.5 97.7862
2561 97.7937
2561.5 97.7937
2562 97.79
2562.5 97.7937
2563 97.7862
2563.5 97.7937
2564 97.79
2564.5 97.7937
2565 97.7862
2565.5 97.7937
2566 97.79
2566.5 97.7862
2567 97.7862
2567.5 97.79
2568 97.79
2568.5 97.7937
2569 97.7862
2569.5 97.7862
2570 97.7862
2570.5 97.79
2571 97.79
2571.5 97.7862
2572 97.7937
2572.5 97.79
2573 97.7862
2573.5 97.7862
2574 97.7862
2574.5 97.7862
2575 97.7862
2575.5 97.7825
2576 97.8011
2576.5 97.7937
2577 97.79
2577.5 97.79
2578 97.79
2578.5 97.7862
2579 97.79
2579.5 97.7862
2580 97.7825
2580.5 97.7937
2581 97.79
2581.5 97.7862
2582 97.7825
2582.5 97.79
2583 97.79
2583.5 97.79
2584 97.79
2584.5 97.7825
2585 97.7862
2585.5 97.79
2586 97.7862
2586.5 97.7825
2587 97.7862
2587.5 97.79
2588 97.7825
2588.5 97.79
2589 97.7862
2589.5 97.7862
2590 97.7937
2590.5 97.7825
2591 97.7862
2591.5 97.7862
2592 97.79
2592.5 97.7862
2593 97.7862
2593.5 97.7862
2594 97.7862
2594.5 97.79
2595 97.7862
2595.5 97.7825
2596 97.7862
2596.5 97.7862
2597 97.7825
2597.5 97.7937
2598 97.79
2598.5 97.7825
2599 97.7862
2599.5 97.7825
2600 97.7937
2600.5 97.79
2601 97.7862
2601.5 97.7862
2602 97.7825
2602.5 97.7862
2603 97.7825
2603.5 97.7862
2604 97.79
2604.5 97.79
2605 97.7937
2605.5 97.7862
2606 97.7937
2606.5 97.79
2607 97.79
2607.5 97.7862
2608 97.7862
2608.5 97.7937
2609 97.79
2609.5 97.7862
2610 97.79
2610.5 97.7862
2611 97.7862
2611.5 97.79
2612 97.7862
2612.5 97.7862
2613 97.7862
2613.5 97.7825
2614 97.7862
2614.5 97.7862
2615 97.79
2615.5 97.7862
2616 97.79
2616.5 97.79
2617 97.79
2617.5 97.79
2618 97.79
2618.5 97.7862
2619 97.79
2619.5 97.7862
2620 97.7862
2620.5 97.79
2621 97.79
2621.5 97.79
2622 97.7862
2622.5 97.79
2623 97.7937
2623.5 97.7862
2624 97.7825
2624.5 97.79
2625 97.7862
2625.5 97.7862
2626 97.7937
2626.5 97.79
2627 97.7825
2627.5 97.7825
2628 97.79
2628.5 97.79
2629 97.79
2629.5 97.7937
2630 97.79
2630.5 97.7862
2631 97.7862
2631.5 97.7862
2632 97.79
2632.5 97.7862
2633 97.7862
2633.5 97.7825
2634 97.7862
2634.5 97.7862
2635 97.7862
2635.5 97.79
2636 97.7862
2636.5 97.79
2637 97.7862
2637.5 97.7825
2638 97.79
2638.5 97.7862
2639 97.79
2639.5 97.7825
2640 97.7825
2640.5 97.7862
2641 97.79
2641.5 97.79
2642 97.7788
2642.5 97.7862
2643 97.79
2643.5 97.7825
2644 97.7862
2644.5 97.7862
2645 97.7862
2645.5 97.79
2646 97.7862
2646.5 97.7788
2647 97.7825
2647.5 97.79
2648 97.79
2648.5 97.79
2649 97.7825
2649.5 97.79
2650 97.7862
2650.5 97.7862
2651 97.7862
2651.5 97.7825
2652 97.79
2652.5 97.7825
2653 97.7862
2653.5 97.79
2654 97.7862
2654.5 97.79
2655 97.7862
2655.5 97.79
2656 97.7862
2656.5 97.7862
2657 97.7937
2657.5 97.7937
2658 97.7825
2658.5 97.7862
2659 97.7825
2659.5 97.7937
2660 97.7862
2660.5 97.7862
2661 97.7825
2661.5 97.7862
2662 97.7862
2662.5 97.7825
2663 97.7825
2663.5 97.7862
2664 97.7825
2664.5 97.7862
2665 97.79
2665.5 97.79
2666 97.7825
2666.5 97.79
2667 97.7937
2667.5 97.8049
2668 97.7862
2668.5 97.7862
2669 97.7825
2669.5 97.7825
2670 97.7862
2670.5 97.7862
2671 97.7862
2671.5 97.7825
2672 97.7825
2672.5 97.7825
2673 97.7862
2673.5 97.7862
2674 97.7825
2674.5 97.79
2675 97.7862
2675.5 97.79
2676 97.7825
2676.5 97.79
2677 97.7825
2677.5 97.7788
2678 97.7862
2678.5 97.79
2679 97.79
2679.5 97.7862
2680 97.7862
2680.5 97.7862
2681 97.7862
2681.5 97.7862
2682 97.7862
2682.5 97.7862
2683 97.7862
2683.5 97.7862
2684 97.7862
2684.5 97.7862
2685 97.7825
2685.5 97.7825
2686 97.7862
2686.5 97.7862
2687 97.7862
2687.5 97.79
2688 97.7825
2688.5 97.7825
2689 97.7825
2689.5 97.7825
2690 97.7825
2690.5 97.7825
2691 97.7862
2691.5 97.7862
2692 97.7825
2692.5 97.7788
2693 97.7862
2693.5 97.7825
2694 97.7825
2694.5 97.7825
2695 97.7862
2695.5 97.7788
2696 97.7862
2696.5 97.7825
2697 97.7862
2697.5 97.7862
2698 97.7862
2698.5 97.7825
2699 97.7862
2699.5 97.79
2700 97.7788
2700.5 97.7788
2701 97.7862
2701.5 97.79
2702 97.7825
2702.5 97.7862
2703 97.7862
2703.5 97.7825
2704 97.7862
2704.5 97.7862
2705 97.7825
2705.5 97.7862
2706 97.7825
2706.5 97.7862
2707 97.7825
2707.5 97.7825
2708 97.7862
2708.5 97.7788
2709 97.7825
2709.5 97.7862
2710 97.7825
2710.5 97.7825
2711 97.7862
2711.5 97.7825
2712 97.7862
2712.5 97.7862
2713 97.7825
2713.5 97.7788
2714 97.7862
2714.5 97.7788
2715 97.7825
2715.5 97.7788
2716 97.7825
2716.5 97.7825
2717 97.7825
2717.5 97.7788
2718 97.7862
2718.5 97.7862
2719 97.7825
2719.5 97.7825
2720 97.7825
2720.5 97.7788
2721 97.7862
2721.5 97.7825
2722 97.7862
2722.5 97.7825
2723 97.7788
2723.5 97.7862
2724 97.7825
2724.5 97.7862
2725 97.7825
2725.5 97.7825
2726 97.7825
2726.5 97.7862
2727 97.7825
2727.5 97.7862
2728 97.7825
2728.5 97.7825
2729 97.7825
2729.5 97.7862
2730 97.7862
2730.5 97.7862
2731 97.7825
2731.5 97.7825
2732 97.7825
2732.5 97.7825
2733 97.7862
2733.5 97.7825
2734 97.7825
2734.5 97.7862
2735 97.7825
2735.5 97.7862
2736 97.7825
2736.5 97.7788
2737 97.7862
2737.5 97.7788
2738 97.7825
2738.5 97.7825
2739 97.7825
2739.5 97.7788
2740 97.7788
2740.5 97.7788
2741 97.7825
2741.5 97.7825
2742 97.7825
2742.5 97.7751
2743 97.7825
2743.5 97.7825
2744 97.7825
2744.5 97.7788
2745 97.7751
2745.5 97.7825
2746 97.7862
2746.5 97.7788
2747 97.7788
2747.5 97.7788
2748 97.7788
2748.5 97.7788
2749 97.7788
2749.5 97.7825
2750 97.7825
2750.5 97.7788
2751 97.7788
2751.5 97.7862
2752 97.7751
2752.5 97.7788
2753 97.7825
2753.5 97.7862
2754 97.7825
2754.5 97.7825
2755 97.7825
2755.5 97.7825
2756 97.7862
2756.5 97.7825
2757 97.7825
2757.5 97.7862
2758 97.7825
2758.5 97.7862
2759 97.7862
2759.5 97.7788
2760 97.7825
2760.5 97.7825
2761 97.7825
2761.5 97.7788
2762 97.7825
2762.5 97.7788
2763 97.7825
2763.5 97.7825
2764 97.7788
2764.5 97.7788
2765 97.7788
2765.5 97.7862
2766 97.7788
2766.5 97.7825
2767 97.7788
2767.5 97.7788
2768 97.7862
2768.5 97.7825
2769 97.7862
2769.5 97.7788
2770 97.7788
2770.5 97.7788
2771 97.7751
2771.5 97.7825
2772 97.7788
2772.5 97.7788
2773 97.7862
2773.5 97.7788
2774 97.7788
2774.5 97.7751
2775 97.7825
2775.5 97.7825
2776 97.7825
2776.5 97.7788
2777 97.7788
2777.5 97.7788
2778 97.7788
2778.5 97.7825
2779 97.7825
2779.5 97.7788
2780 97.7788
2780.5 97.7825
2781 97.7788
2781.5 97.7825
2782 97.7751
2782.5 97.7788
2783 97.7788
2783.5 97.7825
2784 97.7788
2784.5 97.7788
2785 97.7788
2785.5 97.7788
2786 97.7825
2786.5 97.7788
2787 97.7825
2787.5 97.7751
2788 97.7788
2788.5 97.7751
2789 97.7862
2789.5 97.7751
2790 97.7788
2790.5 97.7825
2791 97.7788
2791.5 97.7751
2792 97.7825
2792.5 97.7788
2793 97.7788
2793.5 97.7788
2794 97.7751
2794.5 97.7788
2795 97.7788
2795.5 97.7862
2796 97.7788
2796.5 97.7788
2797 97.7788
2797.5 97.7825
2798 97.7825
2798.5 97.7751
2799 97.7825
2799.5 97.7751
2800 97.7788
2800.5 97.7825
2801 97.7788
2801.5 97.7862
2802 97.7751
2802.5 97.7751
2803 97.7788
2803.5 97.7862
2804 97.7825
2804.5 97.7788
2805 97.7751
2805.5 97.7788
2806 97.7751
2806.5 97.7788
2807 97.7788
2807.5 97.7788
2808 97.7862
2808.5 97.7788
2809 97.7825
2809.5 97.7788
2810 97.7751
2810.5 97.7788
2811 97.7788
2811.5 97.7788
2812 97.7862
2812.5 97.7788
2813 97.7862
2813.5 97.7825
2814 97.7788
2814.5 97.7825
2815 97.7788
2815.5 97.7788
2816 97.7788
2816.5 97.7788
2817 97.7825
2817.5 97.7825
2818 97.7825
2818.5 97.7751
2819 97.7825
2819.5 97.7825
2820 97.7751
2820.5 97.7825
2821 97.7788
2821.5 97.7751
2822 97.7788
2822.5 97.7751
2823 97.7788
2823.5 97.7713
2824 97.7751
2824.5 97.7825
2825 97.7788
2825.5 97.7788
2826 97.7788
2826.5 97.7825
2827 97.7788
2827.5 97.7825
2828 97.7825
2828.5 97.7751
2829 97.7751
2829.5 97.7825
2830 97.7788
2830.5 97.7751
2831 97.7825
2831.5 97.7713
2832 97.7788
2832.5 97.7751
2833 97.7751
2833.5 97.7788
2834 97.7788
2834.5 97.7825
2835 97.7862
2835.5 97.7751
2836 97.7825
2836.5 97.7825
2837 97.7751
2837.5 97.7751
2838 97.7788
2838.5 97.7825
2839 97.7788
2839.5 97.7825
2840 97.7825
2840.5 97.7751
2841 97.7862
2841.5 97.7825
2842 97.7825
2842.5 97.7825
2843 97.7825
2843.5 97.7825
2844 97.7788
2844.5 97.7825
2845 97.7788
2845.5 97.7788
2846 97.7788
2846.5 97.7825
2847 97.7825
2847.5 97.7825
2848 97.7825
2848.5 97.7825
2849 97.7825
2849.5 97.7825
2850 97.7862
2850.5 97.7788
2851 97.7825
2851.5 97.7751
2852 97.7788
2852.5 97.7788
2853 97.7751
2853.5 97.7825
2854 97.7788
2854.5 97.7825
2855 97.7788
2855.5 97.7825
2856 97.7788
2856.5 97.7825
2857 97.7825
2857.5 97.7788
2858 97.7825
2858.5 97.7825
2859 97.7788
2859.5 97.7825
2860 97.7825
2860.5 97.7788
2861 97.7825
2861.5 97.7751
2862 97.7751
2862.5 97.7751
2863 97.7751
2863.5 97.7825
2864 97.7788
2864.5 97.7788
2865 97.7751
2865.5 97.7788
2866 97.7825
2866.5 97.7751
2867 97.7788
2867.5 97.7788
2868 97.7788
2868.5 97.7751
2869 97.7825
2869.5 97.7825
2870 97.7788
2870.5 97.7788
2871 97.7751
2871.5 97.7788
2872 97.7825
2872.5 97.7788
2873 97.7825
2873.5 97.7788
2874 97.7788
2874.5 97.7788
2875 97.7788
2875.5 97.7788
2876 97.7751
2876.5 97.7825
2877 97.7751
2877.5 97.7862
2878 97.7788
2878.5 97.7825
2879 97.7788
2879.5 97.7788
2880 97.7788
2880.5 97.7788
2881 97.7751
2881.5 97.7751
2882 97.7751
2882.5 97.7751
2883 97.7788
2883.5 97.7825
2884 97.7788
2884.5 97.7788
2885 97.7825
2885.5 97.7788
2886 97.7788
2886.5 97.7751
2887 97.7788
2887.5 97.7788
2888 97.7788
2888.5 97.7788
2889 97.7751
2889.5 97.7751
2890 97.7751
2890.5 97.7788
2891 97.7751
2891.5 97.7751
2892 97.7788
2892.5 97.7788
2893 97.7788
2893.5 97.7788
2894 97.7751
2894.5 97.7788
2895 97.7751
2895.5 97.7751
2896 97.7862
2896.5 97.7713
2897 97.7825
2897.5 97.7751
2898 97.7825
2898.5 97.7825
2899 97.7788
2899.5 97.7751
2900 97.7788
2900.5 97.7788
2901 97.7788
2901.5 97.7788
2902 97.7825
2902.5 97.7751
2903 97.7788
2903.5 97.7825
2904 97.7751
2904.5 97.7751
2905 97.7751
2905.5 97.7788
2906 97.7751
2906.5 97.7751
2907 97.7751
2907.5 97.7751
2908 97.7788
2908.5 97.7751
2909 97.7788
2909.5 97.7788
2910 97.7713
2910.5 97.7751
2911 97.7713
2911.5 97.7788
2912 97.7751
2912.5 97.7788
2913 97.7713
2913.5 97.7825
2914 97.7825
2914.5 97.7825
2915 97.7788
2915.5 97.7751
2916 97.7751
2916.5 97.7788
2917 97.7788
2917.5 97.7751
2918 97.7713
2918.5 97.7751
2919 97.7751
2919.5 97.7825
2920 97.7788
2920.5 97.7751
2921 97.7788
2921.5 97.7751
2922 97.7825
2922.5 97.7751
2923 97.7751
2923.5 97.7788
2924 97.7751
2924.5 97.7825
2925 97.7788
2925.5 97.7788
2926 97.7788
2926.5 97.7825
2927 97.7751
2927.5 97.7825
2928 97.7751
2928.5 97.7751
2929 97.7788
2929.5 97.7825
2930 97.7788
2930.5 97.7788
2931 97.7713
2931.5 97.7788
2932 97.7751
2932.5 97.7751
2933 97.7825
2933.5 97.7788
2934 97.7788
2934.5 97.7825
2935 97.7751
2935.5 97.7751
2936 97.7788
2936.5 97.7751
2937 97.7825
2937.5 97.7788
2938 97.7788
2938.5 97.7751
2939 97.7751
2939.5 97.7788
2940 97.7788
2940.5 97.7788
2941 97.7825
2941.5 97.7751
2942 97.7788
2942.5 97.7751
2943 97.7788
2943.5 97.7788
2944 97.7788
2944.5 97.7788
2945 97.7751
2945.5 97.7788
2946 97.7713
2946.5 97.7825
2947 97.7788
2947.5 97.7751
2948 97.7788
2948.5 97.7788
2949 97.7862
2949.5 97.7788
2950 97.7825
2950.5 97.7788
2951 97.7788
2951.5 97.7713
2952 97.7788
2952.5 97.7788
2953 97.7751
2953.5 97.7751
2954 97.7751
2954.5 97.7751
2955 97.7825
2955.5 97.7751
2956 97.7751
2956.5 97.7825
2957 97.7751
2957.5 97.7751
2958 97.7788
2958.5 97.7788
2959 97.7751
2959.5 97.7713
2960 97.7713
2960.5 97.7788
2961 97.7788
2961.5 97.7788
2962 97.7751
2962.5 97.7788
2963 97.7788
2963.5 97.7713
2964 97.7788
2964.5 97.7788
2965 97.7751
2965.5 97.7825
2966 97.7825
2966.5 97.7788
2967 97.7788
2967.5 97.7751
2968 97.7788
2968.5 97.7788
2969 97.7713
2969.5 97.7751
2970 97.7788
2970.5 97.7751
2971 97.7788
2971.5 97.7751
2972 97.7788
2972.5 97.7937
2973 97.7713
2973.5 97.7751
2974 97.7788
2974.5 97.7751
2975 97.7751
2975.5 97.7751
2976 97.7788
2976.5 97.7788
2977 97.7788
2977.5 97.7788
2978 97.7788
2978.5 97.7788
2979 97.7751
2979.5 97.7713
2980 97.7788
2980.5 97.7751
2981 97.7788
2981.5 97.7751
2982 97.7713
2982.5 97.7788
2983 97.7825
2983.5 97.7751
2984 97.7788
2984.5 97.7825
2985 97.7751
2985.5 97.7788
2986 97.7788
2986.5 97.7788
2987 97.7788
2987.5 97.7788
2988 97.7788
2988.5 97.7825
2989 97.7751
2989.5 97.7788
2990 97.7751
2990.5 97.7825
2991 97.7825
2991.5 97.7825
2992 97.7751
2992.5 97.7788
2993 97.7825
2993.5 97.7788
2994 97.7788
2994.5 97.7751
2995 97.7751
2995.5 97.7676
2996 97.7788
2996.5 97.7788
2997 97.7788
2997.5 97.7788
2998 97.7788
2998.5 97.7751
2999 97.7751
2999.5 97.7713
3000 97.7788
3000.5 97.7751
3001 97.7751
3001.5 97.7788
3002 97.7751
3002.5 97.7788
3003 97.7788
3003.5 97.7751
3004 97.7862
3004.5 97.7825
3005 97.7788
3005.5 97.7788
3006 97.7788
3006.5 97.7788
3007 97.7862
3007.5 97.7788
3008 97.7751
3008.5 97.7788
3009 97.7788
3009.5 97.7788
3010 97.7751
3010.5 97.7937
3011 97.7788
3011.5 97.7713
3012 97.7713
3012.5 97.7825
3013 97.7751
3013.5 97.7751
3014 97.7713
3014.5 97.7825
3015 97.7825
3015.5 97.7751
3016 97.7788
3016.5 97.7751
3017 97.7788
3017.5 97.7788
3018 97.7825
3018.5 97.7825
3019 97.7825
3019.5 97.7825
3020 97.7751
3020.5 97.79
3021 97.7788
3021.5 97.7825
3022 97.7788
3022.5 97.7788
3023 97.7825
3023.5 97.7788
3024 97.7788
3024.5 97.7751
3025 97.7788
3025.5 97.7788
3026 97.7788
3026.5 97.7751
3027 97.7825
3027.5 97.7751
3028 97.7751
3028.5 97.7825
3029 97.7788
3029.5 97.7788
3030 97.7788
3030.5 97.7751
3031 97.7751
3031.5 97.7751
3032 97.7751
3032.5 97.7751
3033 97.7788
3033.5 97.7751
3034 97.7751
3034.5 97.7825
3035 97.7751
3035.5 97.7751
3036 97.7751
3036.5 97.7751
3037 97.7751
3037.5 97.7751
3038 97.7751
3038.5 97.7788
3039 97.7751
3039.5 97.7713
3040 97.79
3040.5 97.7825
3041 97.7751
3041.5 97.7751
3042 97.7751
3042.5 97.7788
3043 97.7788
3043.5 97.7751
3044 97.7751
3044.5 97.7751
3045 97.7713
3045.5 97.7713
3046 97.7713
3046.5 97.7751
3047 97.7713
3047.5 97.7751
3048 97.7788
3048.5 97.7713
3049 97.7788
3049.5 97.7751
3050 97.7751
3050.5 97.7751
3051 97.7788
3051.5 97.7713
3052 97.7751
3052.5 97.7751
3053 97.7788
3053.5 97.7751
3054 97.7751
3054.5 97.7788
3055 97.7788
3055.5 97.7751
3056 97.7713
3056.5 97.7825
3057 97.7751
3057.5 97.7788
3058 97.7751
3058.5 97.7713
3059 97.7788
3059.5 97.7751
3060 97.7713
3060.5 97.7825
3061 97.7713
3061.5 97.7788
3062 97.7751
3062.5 97.7751
3063 97.7751
3063.5 97.7751
3064 97.7751
3064.5 97.7788
3065 97.7788
3065.5 97.7713
3066 97.7751
3066.5 97.7751
3067 97.7751
3067.5 97.7788
3068 97.7713
3068.5 97.7713
3069 97.7751
3069.5 97.7751
3070 97.7751
3070.5 97.7788
3071 97.7713
3071.5 97.7713
3072 97.7751
3072.5 97.7751
3073 97.7713
3073.5 97.7788
3074 97.7751
3074.5 97.7751
3075 97.7751
3075.5 97.7676
3076 97.7751
3076.5 97.7751
3077 97.7713
3077.5 97.7713
3078 97.7788
3078.5 97.7788
3079 97.7825
3079.5 97.7788
3080 97.7676
3080.5 97.7788
3081 97.7788
3081.5 97.7713
3082 97.7751
3082.5 97.7788
3083 97.7751
3083.5 97.7713
3084 97.7825
3084.5 97.7751
3085 97.7751
3085.5 97.7788
3086 97.7751
3086.5 97.7713
3087 97.7713
3087.5 97.7751
3088 97.7751
3088.5 97.7713
3089 97.7676
3089.5 97.7788
3090 97.7713
3090.5 97.7788
3091 97.7788
3091.5 97.7713
3092 97.7751
3092.5 97.7751
3093 97.7788
3093.5 97.7751
3094 97.7788
3094.5 97.7713
3095 97.7713
3095.5 97.7751
3096 97.7676
3096.5 97.7788
3097 97.7713
3097.5 97.7713
3098 97.7713
3098.5 97.7751
3099 97.7788
3099.5 97.7751
3100 97.7751
3100.5 97.7751
3101 97.7676
3101.5 97.7676
3102 97.7713
3102.5 97.7751
3103 97.7713
3103.5 97.7676
3104 97.7713
3104.5 97.7751
3105 97.7751
3105.5 97.7751
3106 97.7788
3106.5 97.7788
3107 97.7751
3107.5 97.7751
3108 97.7713
3108.5 97.7713
3109 97.7751
3109.5 97.7751
3110 97.7788
3110.5 97.7751
3111 97.7788
3111.5 97.7751
3112 97.7751
3112.5 97.7751
3113 97.7713
3113.5 97.7788
3114 97.7676
3114.5 97.7751
3115 97.7676
3115.5 97.7713
3116 97.7751
3116.5 97.7751
3117 97.7713
3117.5 97.7713
3118 97.7713
3118.5 97.7713
3119 97.7713
3119.5 97.7788
3120 97.7676
3120.5 97.7713
3121 97.7713
3121.5 97.7788
3122 97.7751
3122.5 97.7751
3123 97.7751
3123.5 97.7751
3124 97.7713
3124.5 97.7751
3125 97.7713
3125.5 97.7751
3126 97.7713
3126.5 97.7788
3127 97.7751
3127.5 97.7676
3128 97.7751
3128.5 97.7751
3129 97.7751
3129.5 97.7788
3130 97.7751
3130.5 97.7751
3131 97.7788
3131.5 97.7713
3132 97.7751
3132.5 97.7788
3133 97.7676
3133.5 97.7751
3134 97.7751
3134.5 97.7788
3135 97.7788
3135.5 97.7788
3136 97.7788
3136.5 97.7788
3137 97.7788
3137.5 97.7713
3138 97.7751
3138.5 97.7751
3139 97.7713
3139.5 97.7788
3140 97.7751
3140.5 97.7713
3141 97.7751
3141.5 97.7713
3142 97.7751
3142.5 97.7713
3143 97.7713
3143.5 97.7788
3144 97.7676
3144.5 97.7713
3145 97.7788
3145.5 97.7751
3146 97.7676
3146.5 97.7751
3147 97.7751
3147.5 97.7713
3148 97.7713
3148.5 97.7751
3149 97.7751
3149.5 97.7676
3150 97.7788
3150.5 97.7713
3151 97.7713
3151.5 97.7713
3152 97.7713
3152.5 97.7713
3153 97.7751
3153.5 97.7751
3154 97.7713
3154.5 97.7676
3155 97.7751
3155.5 97.7713
3156 97.7751
3156.5 97.7788
3157 97.7713
3157.5 97.7751
3158 97.7713
3158.5 97.7713
3159 97.7751
3159.5 97.7751
3160 97.7751
3160.5 97.7713
3161 97.7751
3161.5 97.7751
3162 97.7713
3162.5 97.7788
3163 97.7713
3163.5 97.7751
3164 97.7713
3164.5 97.7751
